2 1.0 0.5699471896168459 1.0 0.5650549284621927 0.11763759846971189 0.865440324799869 0.7859733436045895 0.332504615112037 0.05449337465180926 1.0 0.0 0.0 1.0 0.09629285934820477 1.0 1.0 0.0 0.0 0.1855229843628753 0.5444365485182517 0.0 0.19065680276687896 0.910758917100179 0.07368200459460367 0.5209393345125312 0.6485665162519618 0.10102358012567583 0.9770021095446355 1.0 0.0319442687664641 0.007675230970347748 0.19857802623790793 0.0 0.0 0.2938392033970562 0.00945418318380739 0.37063190876661567 0.44983549363253894 0.49490753382624575 0.9131529323283268 0.7967296682302003 0.73473984319981 0.0 0.0 0.10972700433494442 0.4305162425540221 0.5368398600496399 0.4247089720155758 0.8591494767414143 0.7604674489339216 1.0 0.5064277861680463 0.16840113366981474 0.0 0.27058543934391666 0.3484771130584205 1.0 0.564262658019267 0.6601267075987677 1.0 1.0 0.028730035551251032 0.0863689107331091 0.06963527064310965 0.8883445419187698 1.0 0.9656233305851145 0.0 0.9123425501873654 0.209117285438572 0.24894144693735515 0.44973639670015164 0.9124206237182262 1.0 0.7579915783409329 0.560135470955917 0.0 0.22748809835466033 0.9484497024030669 0.0 0.13486595856801656 0.7217496302309384 0.5312886796235421 0.3956064686892783 1.0 0.9895262251165696 0.0 1.0 0.9963124191975096 0.0 0.7251042834424312 0.6474454412929183 0.7962877924862293 0.5042165909975014 1.0 0.7877465382568578 0.0 0.0 0.0 0.3423861576260993 0.2541732583442523 0.025387788142083215 0.3060743466448982 0.01891049763601166 0.0 0.666322810894474 0.9224456498922559 0.2949319606965318 1.0 0.8868956124376365 0.501996169213536 0.2192554155100917 0.23382097260652285 0.3772482809118236 1.0 0.36644248133494234 1.0 0.0 1.0 0.48006211424046996 0.9823267765483801 0.7636968407376818 0.0 0.0 0.9774487694949824 0.9378427517115457 1.0 0.8373124539726685 0.3844158876910705 0.3084502385332175 0.14730017213710422 0.6696105683335265 0.16934149714391158 0.0 1.0 0.0 0.0 1.0 0.8553661204721292 0.0 0.3947002641888131 0.26040237208983763 0.0 0.48764024980529486 0.08952873376446535 0.46771131678650457 0.8328259812260876 1.0 1.0 0.11168693011048686 0.31798851438982934 0.4654304181391831 0.0 0.0 0.0 0.08126529770930013 0.142497671683428 0.919421226810798 0.483543979123111 0.30180822904113763 1.0 0.19395809030372768 0.892929600117266 0.08549600157689288 0.21847003816707222 0.7014184260076073 1.0 1.0 0.8854131489317376 0.6832552797631968 0.21781900344556604 0.0 0.020810508773682457 0.7941267053749137 
2 0.06484383938992826 0.0 0.0 0.5920315411655067 0.59773500113144 0.4915805207897166 0.9400017942192618 0.41502143454459656 0.5590127006151975 0.17209425189546718 0.02691453364195262 0.5507473486763556 0.7052199955105506 0.817876589363772 0.0 0.10954449594075102 0.885663181457329 0.22247160450644177 0.4784737177008409 0.4098910811523102 0.5728424810445232 0.20912105711260695 0.49901479655415104 0.1180313234710304 1.0 0.8427969365921489 0.13473025980039688 0.5585667870178985 0.0 0.02169512884179525 0.0016650999081937062 1.0 0.5496720611010436 0.002055850360711018 0.24411169306275698 1.0 0.5444726841362832 0.0 0.0 0.16294474081305074 0.6863576529555011 0.7218170329312832 0.5482548099143115 0.9815026895764665 0.8382852623424044 0.0 0.301559874530385 0.41164201803851985 0.15500453663006244 0.00175140635688852 0.25170766369522485 0.021814116543616265 0.6468823142090099 0.0 1.0 1.0 0.0 0.0 0.5944784108804437 0.2289365562485949 0.16006892281791363 0.2624075896214092 0.9494493827095977 0.0 0.7192993171130986 0.5 0.16862773691721425 0.4826478861537575 0.9217711963199078 0.0 1.0 0.6082018582649338 0.039109434374126666 0.6379108228494342 0.30382309477026537 1.0 1.0 0.29043297491666964 0.7937004561505246 0.1784225875954352 1.0 0.9739595151787369 0.4955471924930097 0.971900466818945 0.14790407560191765 0.38405453637708875 0.0 0.4158209226728936 0.1252085500077028 0.36123153806728037 1.0 0.6156240969980342 0.34351125685640893 0.14283869464890822 0.05239497046767663 0.6330728264507663 1.0 0.4169373542277478 0.14194366573534112 0.27634482942829874 0.4239762978230228 0.08053649810921917 0.8121567625575288 0.2655341554427732 0.7109867754127772 0.022672670534148832 0.10933232216160338 0.9293875229531288 0.7706854949319205 0.08245372794299838 0.5592978450279205 0.09805359889611123 0.05857885152768133 0.7646123703596898 0.08575114220125296 0.8385440042950296 0.5498335848800242 1.0 0.3721877742493344 0.9163091653775088 0.7901646175590489 0.2027113281481226 1.0 0.6181304484866451 0.0 0.8620651988336552 0.22122999562851464 0.33798697337887507 0.0 0.34569889085393657 0.412772744472498 1.0 0.6239879514203771 0.8296562504852445 0.583569755335303 0.04189928455335157 0.9963200594074862 0.11678451649824481 0.2602617269977662 1.0 0.5033057801232502 0.9979868854043487 0.8630257785961835 0.07470920698371858 0.1216928682772978 0.7711413955533454 1.0 0.028863869894836386 0.7378310654447628 0.8191972031338409 0.4821225960391497 0.4333648267248048 1.0 0.9479049617438701 0.6655697738555435 0.130522369732451 0.8873939055663401 0.8526672176692919 0.4570415783016544 0.8758517621961244 0.20513438914137713 0.6751565346707236 0.3917456447208809 0.24910301655170855 0.786750090084235 0.7233667704860368 0.2334592414230635 0.49755606917757583 0.15162321980155888 0.4262651152879465 1.0 0.05363449836945867 0.37123779426442016 0.1838576723633193 
2 0.19245853252182737 0.10481813999404575 0.2134565494791903 0.24721982826990968 1.0 0.4888443650973796 0.9221163177570286 0.8860729906861233 0.49796575819385025 0.1839201148079597 0.7771428484433754 0.9985646713854144 0.5725683826217366 0.9072698102317149 0.0 0.0 0.843461521679613 0.02680589908875551 0.0 0.7955892974202273 0.15063388110709588 0.2367824706130064 0.6663569996728198 0.2107665761868317 0.9585295296040683 0.8669024803727414 0.04974145967480659 0.9317935117066427 0.057698363616497814 0.25319983548226455 0.0 0.6290323795915296 0.7638726809035894 0.0 0.09537169393532005 0.8525631238781015 0.8419918636336938 0.13107013956296332 0.0 0.0 0.6270829486883989 0.28056647411602975 0.4363472244779594 0.8335871800334096 0.8701876065884956 0.8110452631564523 0.4302453650095053 0.4623766246415455 0.2294656231733329 0.0 0.3732004232569673 0.023682464822298903 0.6626822651650157 0.0 0.9770576549005534 0.8416804373158188 0.0 0.050468931772814335 0.48083410598131676 0.0 0.18426921091668522 0.21650705803953357 1.0 0.08506319242418292 0.4302350208169427 0.0 0.12037883536289583 0.45381659251374795 0.6017192855185285 0.0 0.23884016757444967 0.299833504880986 0.027963698507926397 0.40983200618423077 0.5337674085305295 0.7597124325412017 0.5823366050157507 0.16843737356689772 0.7698500789615748 0.6453577967984365 1.0 1.0 0.5625688930308488 0.6333232202615274 0.163741431301929 0.2915674843488343 0.03799830727333522 0.0 0.22691671164230595 0.20836322556817416 0.9355761449341335 0.0 0.9270521747196869 0.002150825116569918 0.4767846182962061 0.7551841060963987 0.0 0.08500580635771232 0.4575416316001347 0.06087406565123525 0.30619169307822 0.5071243460438397 0.8502068977986645 0.6072586414078479 0.2466410143786929 0.013710993454435242 0.23062206769555493 1.0 0.2482134846810543 0.0 0.562493169699168 0.3828290893338351 0.5470936259580588 0.1365173185332555 0.0 0.0 0.47660626558263497 1.0 0.0 0.2713401423819186 0.4219137458032355 0.7361236689386222 0.7681051698662913 0.44661358333223367 0.01675068262280149 0.8438844136548713 0.2164823714573721 0.0 0.0 0.9536006571355662 0.7496880934490285 0.8587578614512679 1.0 0.8041133444142785 0.0 0.6571686996803257 0.9967490193075128 0.22009368447877656 0.03138798434201573 1.0 0.1541240313530391 0.2836409954377863 0.0 0.8241958204101898 1.0 0.9291700882487275 1.0 0.0 0.40829691240877675 1.0 0.12268698132283667 0.8061312176977427 0.9742690413979966 0.005860326522358364 0.0 0.15469757227941616 0.19582438778882144 0.8520949465526017 0.9610488596086526 1.0 0.08212111525749263 1.0 0.5588133514871969 0.1003626426851132 1.0 0.7001912387213582 0.08946308497860378 0.4921656390176864 0.034800815256625726 0.4509390567114626 0.4088999745579657 0.0 0.678034208857633 0.2885762854229861 
2 0.05509067471682576 0.06608835071603394 0.737491374485407 0.1495949441148972 0.7396451425616803 0.5038081287435079 0.8585465976462816 0.8802805074299176 0.47469292952299064 0.14982604213235323 0.9526358913545464 0.9980862285138856 0.8600852250478428 1.0 0.28535866837561547 0.3837177245881045 0.7223892265709918 0.025676848326234455 0.5 0.2594688922706205 0.03067781245998699 0.2258211169526454 0.3829298938570261 0.15518446678576592 0.7695451809869411 0.8747668464765528 0.2487635051413762 0.9592583037943878 0.10432501363775379 0.07103401873095441 5.616205096607871E-4 0.0 0.2999429108834647 0.02373165842411814 0.010704489998704214 0.7726065572496608 0.8155113232665568 0.19785986347656137 0.2506364103922064 0.03406264413836115 0.9039518120985335 0.608112737023862 0.447938448998216 0.0 1.0 1.0 0.09105902401999116 0.0 0.6600785497851773 0.2852672930728529 0.0 0.04466673324945537 0.656488904646189 0.26360358065326106 0.9679926127040318 0.5020892196908449 0.15725725283726866 0.045962049251717194 0.23729140511897007 0.942326370988925 0.0 0.6988435715058885 1.0 0.5205510405014419 0.6917402199557856 0.0 0.06396680083525658 0.0 0.4286450880483847 0.0 0.19749543633388164 0.06624683037623202 0.030401669723781742 0.022965099977773296 0.8344672672619452 0.32549294222895153 0.8705140043042794 0.7028812014260397 0.9504500968172847 0.6586028704019156 0.6743434546549375 1.0 1.0 0.27726550846535775 0.87853472749858 0.7412656994615734 0.05936709232301605 0.005306658688143831 0.0 0.0 0.8682894440594364 0.26720106806916566 1.0 0.0 0.7285481734220677 0.8347031046640391 0.0 0.40724306066530214 0.29954391718120027 0.014900365102413242 0.0 0.3294212863734552 0.7708687531503646 0.5036505124910737 0.05453124357465702 0.0013695987661275387 0.03238292985695984 0.7196653730537744 0.7836520469571713 0.12179509738089184 0.9021707366283869 0.13300745196730407 0.11715770305536266 0.6861388158972517 0.5860427271753855 0.16975234801714967 0.4472568616211891 0.26430451151114764 0.8208371836899473 0.38927917417176755 0.6879173343188298 0.14261849713771596 0.5412156491334283 0.12412690837584395 0.029362682633584023 0.9244423062514673 0.7317059784144427 0.28514402275551526 0.0 1.0 0.661102354297019 0.5618960715971777 0.6887031681437981 0.2007269168227847 0.0 0.08261127376255031 0.9993124760278691 0.11579095163489833 1.0 0.7570384298112129 0.0 0.25109795071272106 0.2707712322922991 1.0 0.7181268557651272 0.8192686222516785 0.8880780655531068 0.010718865024879252 0.8588418730429673 0.9021479959968635 0.0 1.0 1.0 0.010128635221642118 0.36969268715277825 0.6309421040194443 0.2790865288536021 1.0 0.3875634117976744 0.9330406249387662 0.0 1.0 0.03737473738934194 0.2981490861911189 0.29367678748983483 0.9594619282184937 0.0 0.7084026999204728 0.0 0.7064269272029337 0.20080381486104426 0.0 0.09798498004105771 0.1617629556908814 
2 0.14278305613218206 0.15186668650297597 0.5495360200496956 0.1133631110586781 0.8132704750376729 0.5923003816797748 0.9072148622598728 0.9869474865335484 0.4828842750007658 0.13542629582508714 0.5219131037860363 0.7914530325337632 0.5161991927185016 1.0 0.0 0.0 0.890487145396894 0.0013136275982021661 0.44997919938140063 0.49815150498847816 0.03067781245998699 0.24521151692079723 0.513423808142351 0.2093513925007009 1.0 1.0 0.2730018591205726 1.0 0.018659909537661105 0.3031008561294441 3.5718832503444666E-4 0.06691742049576122 0.898954968949953 0.0 0.05612021919338385 1.0 0.7370678487490936 0.21677691467447985 0.7368350139101694 0.0 0.690009208768658 0.4795449596508103 0.16715819618805838 0.17185717899227987 0.1880806100884887 1.0 0.32867552768462 0.5288003586949487 0.2404942996503588 0.30216011677909654 0.4749364860164186 0.05252697267249773 0.8432580167589971 0.0 0.9294107061943908 0.305229817478421 0.07248776825141418 0.05045655542060028 0.22037814965493915 0.08800839903345914 0.0 0.556350949607806 0.9990684626310398 0.02126579810604573 0.5889359338777602 0.0 0.1549528820735277 0.026461857726363558 0.5881894797612497 0.0 0.2909110380465544 0.10601156719239038 0.021186173963047016 0.11266544227742749 1.0 1.0 0.99501743124888 0.1679200130984584 1.0 0.41590842148350715 1.0 1.0 1.0 0.47159710545593486 0.5086493911312835 0.6828496997827469 0.050664840056040966 0.004058045402290796 0.9667083009301058 0.2636222551502177 0.9741192592516358 0.0778026463822643 1.0 0.015560629317166633 0.5764347450876699 0.8213494330516649 0.0 0.26682328278909595 0.5018280808072627 0.0017674198369520026 0.15809430155354354 0.48888347093460754 0.8485848178622544 0.7313545775590102 0.09865980847648405 0.06152158793073017 0.0027548979761059522 1.0 0.23313219440203015 0.4799498409885444 0.7625665505869164 0.47564907281554725 0.3939395705118999 0.3751155316540875 0.4695310396162261 0.09992169988382898 0.3196422429765916 0.5460150280277342 0.0 0.2918866714615941 0.5922318538396754 1.0 0.8905097237776765 0.576115778083603 0.012286825539722199 0.7958738551475085 0.0 0.5394852960164407 0.0 0.9850009238220415 0.5611974676594866 0.8147713556816647 0.9031739902883413 0.7871304769869275 0.0 0.3236989651739498 0.9219009337596223 0.25100486828492374 0.46089979819477706 0.9196939029945186 0.0 0.0 0.0 0.9683205368299759 0.8828224764779669 0.9341591796188778 0.5037261695599315 0.0 0.7348562442374245 1.0 0.00426924937369268 0.8776563326676737 1.0 0.0 0.051909944914481365 0.52391422146073 0.06920243109269653 0.9370411126063166 1.0 0.9657135990333937 0.0064386833981216265 0.9265334420804816 0.689121061669469 0.30908927818440235 0.6458508934574236 0.7515430818651532 0.09640427069420726 0.6009637524722846 0.010535597996345415 0.6579559225899365 0.37502114295007016 0.0 0.9601244836215805 0.16660911959082308 
2 0.14278305613218206 0.15186668650297597 0.35381929280630736 0.11232317272019984 0.8537600326060498 0.680768445636126 0.9051929732110175 0.9869474865335484 0.6844101466953754 0.13542629582508714 0.5219131037860363 0.7914530325337632 0.5161991927185016 1.0 0.1664079418942503 0.0 0.890487145396894 0.04284385535485044 0.5704690222445342 0.49815150498847816 0.03067781245998699 0.24521151692079723 0.5560242001363901 0.24025749399063276 0.983233676072413 1.0 0.14207249993867901 1.0 0.020129220989500776 0.3031008561294441 0.0011331218297159014 0.06691742049576122 0.898954968949953 0.0 0.0 0.9251906672092931 0.7370678487490936 0.18758566025875503 0.7368350139101694 0.0 0.7032413697980191 0.4795449596508103 0.16715819618805838 0.22769169707570874 0.22781026501629328 1.0 0.49463576505168166 0.5288003586949487 0.1707485183115748 0.30216011677909654 0.7703728482865531 0.05252697267249773 0.8788881472418772 0.0 0.9294107061943908 0.305229817478421 0.07248776825141418 0.0724091567783973 0.24506923561533453 0.08800839903345914 0.09754768607517365 0.556350949607806 1.0 0.0 0.5889359338777602 0.0 0.26089620220445797 0.2887047336033986 0.58508000676315 0.0 0.3501850708899861 0.10601156719239038 0.0173035148849867 0.0 1.0 1.0 0.9347516185105494 0.21741874721713156 0.978573647772154 0.5913787650237805 1.0 1.0 1.0 0.47159710545593486 0.5086493911312835 0.6828496997827469 0.03908925240987116 0.004058045402290796 0.9667083009301058 0.2636222551502177 0.9741192592516358 0.1195670416409974 1.0 0.0 0.5764347450876699 0.783700886208689 0.0 0.26682328278909595 0.5018280808072627 0.0017674198369520026 0.2918175128371464 0.5553102279816351 0.7254891852614 0.7934752688811564 0.09865980847648405 0.05885662876026793 0.10058097242477897 1.0 0.22915243847032812 0.4799498409885444 0.7826954712770551 0.47564907281554725 0.3939395705118999 0.3751155316540875 0.3969420910944521 0.12248515032774704 0.3196422429765916 0.5460150280277342 0.0 0.2918866714615941 0.5922318538396754 1.0 0.784504226358645 0.576115778083603 0.012286825539722199 0.7673049740214664 0.06426551576916029 0.5394852960164407 0.0 0.987196971510061 0.5611974676594866 0.8147713556816647 1.0 0.7871304769869275 0.0 0.3236989651739498 0.9219009337596223 0.25100486828492374 0.17058731488779938 0.9196939029945186 0.0 0.0 0.0 0.9683205368299759 0.9869971957010885 1.0 0.5037261695599315 0.0 0.6518430704864396 1.0 0.015462501317618515 0.8776563326676737 1.0 0.0 0.07777776835813752 0.41535048605897795 0.006302703347004467 0.9258556080730814 1.0 0.9657135990333937 0.0064386833981216265 0.9265334420804816 0.7844578521254192 0.30908927818440235 0.731916239649653 0.6508932940421581 0.09640427069420726 0.578398313447865 0.010535597996345415 0.6579559225899365 0.37502114295007016 0.0 0.7148876919186162 0.16660911959082308 
2 0.14278305613218206 0.15186668650297597 0.35381929280630736 0.11232317272019984 0.8537600326060498 0.680768445636126 0.9051929732110175 0.9869474865335484 0.6844101466953754 0.13542629582508714 0.5219131037860363 0.7914530325337632 0.5161991927185016 1.0 0.1664079418942503 0.0 0.890487145396894 0.04284385535485044 0.5704690222445342 0.49815150498847816 0.03067781245998699 0.24521151692079723 0.5560242001363901 0.24025749399063276 0.983233676072413 1.0 0.14207249993867901 1.0 0.020129220989500776 0.3031008561294441 0.0011331218297159014 0.06691742049576122 0.898954968949953 0.0 0.0 0.9251906672092931 0.7370678487490936 0.18758566025875503 0.7368350139101694 0.0 0.7032413697980191 0.4795449596508103 0.16715819618805838 0.22769169707570874 0.22781026501629328 1.0 0.49463576505168166 0.5288003586949487 0.1707485183115748 0.30216011677909654 0.7703728482865531 0.05252697267249773 0.8788881472418772 0.0 0.9294107061943908 0.305229817478421 0.07248776825141418 0.0724091567783973 0.24506923561533453 0.08800839903345914 0.09754768607517365 0.556350949607806 1.0 0.0 0.5889359338777602 0.0 0.26089620220445797 0.2887047336033986 0.58508000676315 0.0 0.3501850708899861 0.10601156719239038 0.0173035148849867 0.0 1.0 1.0 0.9347516185105494 0.21741874721713156 0.978573647772154 0.5913787650237805 1.0 1.0 1.0 0.47159710545593486 0.5086493911312835 0.6828496997827469 0.03908925240987116 0.004058045402290796 0.9667083009301058 0.2636222551502177 0.9741192592516358 0.1195670416409974 1.0 0.0 0.5764347450876699 0.783700886208689 0.0 0.26682328278909595 0.5018280808072627 0.0017674198369520026 0.2918175128371464 0.5553102279816351 0.7254891852614 0.7934752688811564 0.09865980847648405 0.05885662876026793 0.10058097242477897 1.0 0.22915243847032812 0.4799498409885444 0.7826954712770551 0.47564907281554725 0.3939395705118999 0.3751155316540875 0.3969420910944521 0.12248515032774704 0.3196422429765916 0.5460150280277342 0.0 0.2918866714615941 0.5922318538396754 1.0 0.784504226358645 0.576115778083603 0.012286825539722199 0.7673049740214664 0.06426551576916029 0.5394852960164407 0.0 0.987196971510061 0.5611974676594866 0.8147713556816647 1.0 0.7871304769869275 0.0 0.3236989651739498 0.9219009337596223 0.25100486828492374 0.17058731488779938 0.9196939029945186 0.0 0.0 0.0 0.9683205368299759 0.9869971957010885 1.0 0.5037261695599315 0.0 0.6518430704864396 1.0 0.015462501317618515 0.8776563326676737 1.0 0.0 0.07777776835813752 0.41535048605897795 0.006302703347004467 0.9258556080730814 1.0 0.9657135990333937 0.0064386833981216265 0.9265334420804816 0.7844578521254192 0.30908927818440235 0.731916239649653 0.6508932940421581 0.09640427069420726 0.578398313447865 0.010535597996345415 0.6579559225899365 0.37502114295007016 0.0 0.7148876919186162 0.16660911959082308 
2 0.0355546323984248 0.04593982914361966 0.4158726692715597 0.026230506653340147 0.7483884947839765 0.1558860406700251 0.8325704162879639 0.7631443928255084 0.3697623210056142 0.012006359586943016 0.5578500769962034 0.8778133992614925 0.6462406860756171 0.8929937162375579 0.3993361346345726 0.3247125333685006 1.0 0.0 0.0 0.0 0.2841223609763194 0.2604143128838646 0.6629748253660405 0.2907170044663845 0.7182019826140084 1.0 0.0 1.0 0.17140322009412595 0.12837917605235588 0.0010831993322706112 0.12843021167086172 0.5338448617555167 0.0 0.004032180738380367 0.6010428634175844 0.8318228304440971 0.3251211746181756 0.0820231930844405 0.15447767176507265 0.6979638141356669 0.7493590253813842 0.2167734574973314 0.027934876430070185 0.931995493610958 1.0 0.41602073635898984 0.479624195068713 0.5884190930908262 0.12367781391941535 0.5544074242888041 0.06366298623276413 0.9955168511374732 0.04995828924152623 0.9792703302111512 0.3737875434124823 0.021314595243458245 0.04085726671415386 0.6036196583117015 0.5773081949681039 0.0 0.6326205135901425 0.9690386387987825 0.0 0.7646530816873695 0.0 0.44354695715747283 0.0 0.444301431959943 0.0 0.4238492659143997 0.252109286701509 0.04355874865309038 0.3889598229642293 0.6762399087050672 0.2874441606494096 1.0 0.47294040626054 1.0 0.6400907652807826 0.6664446884632708 1.0 0.9509124104887081 0.7652328560991732 0.0 0.23773829348264364 0.0 0.0 0.4533411510944768 0.0 0.9431704837795287 0.013123456841471148 0.9680353995518804 0.0 1.0 0.8246625751411314 0.0 0.6062651860032882 0.297650563879643 0.014588602354766719 0.3256477601982618 0.6648548688898015 0.517295289335755 0.6095530843986339 0.17253864055117785 9.906145527702288E-4 0.14483369181387845 0.7196653730537744 0.43565732035684956 0.0 1.0 0.34676046004940725 0.0 0.7549913440055357 0.41987303209444027 0.0 0.6535833003639026 0.09864796498546133 0.2856006855213514 0.0 0.015231178751471397 0.4887618549779849 1.0 0.6577442738638443 0.026115222814268854 1.0 0.1817507311372706 0.13689196356361208 0.0 1.0 0.7431583481135118 1.0 1.0 1.0 0.0 0.0 0.9949196375494362 0.24350834800971016 0.898193422288968 0.6995660468103874 0.0 0.796307910194943 0.29990920581610736 0.8375837952502794 0.6967589715031459 0.7730062032529434 0.5552601428420766 0.0 0.7859506911368619 0.4217385894078332 0.0 1.0 0.9158313684931537 0.2999184619611804 0.3460518358229971 0.3126505383425727 0.17782726882500227 0.9510070733902598 0.27576885805086426 0.6352657122074958 0.031611931970861665 0.9265334420804816 0.9655243493802521 0.0 0.8774753454066675 0.7274309120983639 0.11399336214687356 0.8601283802131051 0.0 0.4203498525323789 0.523853695312394 0.020528766040597415 0.015574873347486973 0.27520448527918245 
2 0.0355546323984248 0.04593982914361966 0.4158726692715597 0.026230506653340147 0.7483884947839765 0.1558860406700251 0.8325704162879639 0.7631443928255084 0.3697623210056142 0.012006359586943016 0.5578500769962034 0.8778133992614925 0.6462406860756171 0.8929937162375579 0.3993361346345726 0.3247125333685006 1.0 0.0 0.0 0.0 0.2841223609763194 0.2604143128838646 0.6629748253660405 0.2907170044663845 0.7182019826140084 1.0 0.0 1.0 0.17140322009412595 0.12837917605235588 0.0010831993322706112 0.12843021167086172 0.5338448617555167 0.0 0.004032180738380367 0.6010428634175844 0.8318228304440971 0.3251211746181756 0.0820231930844405 0.15447767176507265 0.6979638141356669 0.7493590253813842 0.2167734574973314 0.027934876430070185 0.931995493610958 1.0 0.41602073635898984 0.479624195068713 0.5884190930908262 0.12367781391941535 0.5544074242888041 0.06366298623276413 0.9955168511374732 0.04995828924152623 0.9792703302111512 0.3737875434124823 0.021314595243458245 0.04085726671415386 0.6036196583117015 0.5773081949681039 0.0 0.6326205135901425 0.9690386387987825 0.0 0.7646530816873695 0.0 0.44354695715747283 0.0 0.444301431959943 0.0 0.4238492659143997 0.252109286701509 0.04355874865309038 0.3889598229642293 0.6762399087050672 0.2874441606494096 1.0 0.47294040626054 1.0 0.6400907652807826 0.6664446884632708 1.0 0.9509124104887081 0.7652328560991732 0.0 0.23773829348264364 0.0 0.0 0.4533411510944768 0.0 0.9431704837795287 0.013123456841471148 0.9680353995518804 0.0 1.0 0.8246625751411314 0.0 0.6062651860032882 0.297650563879643 0.014588602354766719 0.3256477601982618 0.6648548688898015 0.517295289335755 0.6095530843986339 0.17253864055117785 9.906145527702288E-4 0.14483369181387845 0.7196653730537744 0.43565732035684956 0.0 1.0 0.34676046004940725 0.0 0.7549913440055357 0.41987303209444027 0.0 0.6535833003639026 0.09864796498546133 0.2856006855213514 0.0 0.015231178751471397 0.4887618549779849 1.0 0.6577442738638443 0.026115222814268854 1.0 0.1817507311372706 0.13689196356361208 0.0 1.0 0.7431583481135118 1.0 1.0 1.0 0.0 0.0 0.9949196375494362 0.24350834800971016 0.898193422288968 0.6995660468103874 0.0 0.796307910194943 0.29990920581610736 0.8375837952502794 0.6967589715031459 0.7730062032529434 0.5552601428420766 0.0 0.7859506911368619 0.4217385894078332 0.0 1.0 0.9158313684931537 0.2999184619611804 0.3460518358229971 0.3126505383425727 0.17782726882500227 0.9510070733902598 0.27576885805086426 0.6352657122074958 0.031611931970861665 0.9265334420804816 0.9655243493802521 0.0 0.8774753454066675 0.7274309120983639 0.11399336214687356 0.8601283802131051 0.0 0.4203498525323789 0.523853695312394 0.020528766040597415 0.015574873347486973 0.27520448527918245 
2 0.13374850157366833 0.07373152380055022 0.2509608622364868 0.21139410946392523 0.9308226467177115 0.1809055021335293 0.8438505233087685 0.9099969083746844 0.49796575819385025 0.24398628287729118 0.827664029089207 0.9985646713854144 0.6922352037754327 0.902719156384292 0.2014978333863267 0.0 0.7590872211851681 0.0 0.0 0.8424578398453403 0.0 0.2481600200082868 0.6523814998017833 0.29583415109499933 0.8091128803034133 0.9120093364684454 0.04974145967480659 0.9521643598094488 0.04203086574740425 0.23666733643366317 0.0 0.7627916499121985 0.7638726809035894 0.024756843910583737 0.09537169393532005 0.906921810529041 0.8494073790897169 0.16100740009505515 0.08942408269580818 9.905647427973056E-4 0.731723329220304 0.4818711565098352 0.2873240373139163 0.44724009675634746 0.9016100212227981 0.7411569595292429 0.4812013374052819 0.1342802607947826 0.2294656231733329 0.1405255342376748 0.28614379433416504 0.03127224478978982 1.0 0.0 0.9839963063520158 0.8032529753000457 0.048850454283700384 0.050468931772814335 0.4303565134812883 0.0 0.14008482887151397 0.34150539990075257 0.8962709437554823 0.08506319242418292 0.37174278497889496 0.13025987018077773 0.0698032638563289 0.2687513605943337 0.3346162622035997 0.0 0.32213741741248575 0.25913387391086595 0.02557857210646905 0.27803995814599936 0.5038826973708836 0.4234061115079315 0.6626097116313054 0.3756980084758579 0.8422675020959491 0.7528386881789604 1.0 0.7716797772878103 0.7399907241844756 0.8668171251725536 0.3948477741890576 0.3343686989752368 0.018909194476641907 0.0 0.41873026224479415 0.007424118769381274 0.9355761449341335 0.0 0.9270521747196869 0.002150825116569918 0.5778569973989851 0.7422466773352996 0.0 0.4945877219292668 0.40371020754926007 0.04762139576259111 0.03140666215521132 0.4794604931475567 0.6854493249468123 0.4268794936400057 0.26559303446988575 0.011335661528920007 0.23062206769555493 1.0 0.2482134846810543 0.0 0.562493169699168 0.11375168610768047 0.37417332030298106 0.29217772857078966 0.5 0.0 0.43969379475216314 0.4720021931420425 0.3167992361309467 0.2713401423819186 0.7405577261795955 0.7361236689386222 1.0 0.183751322930978 0.015270678040281803 0.8865742101959888 0.5125080407515709 0.11346255827772345 0.22921337575126932 0.9743936508752133 0.8264337932912389 1.0 0.7541954850812674 0.8509107557975294 0.0 0.16367935951314436 0.9967982003685587 0.22009368447877656 0.03138798434201573 0.8428191280927925 0.1890457275150342 0.6039988390370412 0.0 0.7746955851990087 1.0 0.9717021765489297 0.8792668511986367 0.0 0.49234495309132265 1.0 0.12268698132283667 0.8061312176977427 0.9276045044297092 0.017505012442097925 0.0 0.17708644378906796 0.09783828017772357 0.9017664119161719 1.0 0.91008075447081 0.06634821493466714 1.0 0.5856524053858179 0.052689848333379766 0.8298453775613399 0.730184894635004 0.01291484044851704 0.4825713443249253 0.034800815256625726 0.5528586638656998 0.3248610159573234 0.0 0.37937177497353763 0.23965143181782858 
2 0.10368783496807762 0.10303770694070748 0.21625497153679174 0.1867074136412953 0.7955883184135644 0.0 0.9164284621569145 0.8395937553686237 0.7969253447930065 0.16066687457907103 0.04308404293768525 0.7704925138733622 0.49176226402870005 0.9587496330003933 0.10557513366037705 0.036362905584376354 0.8822241145173781 0.30997753346476586 0.33670937035674053 0.625275522109279 0.0 0.2680326704134215 0.5839873200919128 0.29333005777832244 0.8601079905614673 0.8599007075930647 0.28678912774904136 0.987058381507599 0.0 0.20184594376559378 0.0023166846023507464 0.7200107432420517 0.898954968949953 0.0013427632118510609 0.169245384696847 1.0 0.6473630365834993 0.1256556514588563 0.46954168826641934 0.026070153876092426 0.749334299474266 0.7857251121251352 0.13908655382552326 0.22362004837817373 0.24862787055280722 0.39393495693114056 0.4273439628648017 0.7542513133165909 0.12973065632602496 0.4537840615021212 0.4437847110179317 0.035105807800192686 1.0 0.2086628403094326 0.9914889273305262 0.2420056415027649 0.27974842259579547 0.0022534412605485707 0.9196250145567184 0.6555965351638072 0.10932279782807357 0.0 0.8759809082653693 0.08506319242418292 0.08884955916001866 0.11440369218436386 0.1286562115691809 0.9788551280736647 0.9356645954344617 0.0 0.3011658681316929 0.4588282211282061 0.008411795525192558 0.27618969169481966 0.9708280708924344 1.0 0.6858583865399184 0.3481539430674005 0.7330587459743226 1.0 0.4492620030922081 0.3306188063856797 0.5989230980415634 0.894185237859891 0.0 0.2594171216551565 0.01072594303760423 0.0 1.0 0.07499007830848989 1.0 0.24671061373943703 0.7695848864823002 0.04934950606946567 0.05528192865602699 0.6800875623668663 0.0 0.3491828992294457 0.5176101494721006 0.007752394700104061 0.6731549093313135 0.5487924292004329 0.7952381622018577 1.0 0.10665981172500805 0.012319985878691247 0.2683987930988766 0.6532355579793963 0.14132209616411334 0.0 0.6789482873889153 0.29939609683596585 0.18708666015149053 0.3308809499737274 0.1478894310921189 0.16219613924698778 0.0 0.45329508174847544 0.0 0.4783130211433383 0.4439530481909321 0.8404375743317078 1.0 1.0 0.0118391788812197 0.9534444977248536 0.4035972309228385 0.45669257967806326 0.11460668787563466 0.9787917465476176 0.8684368393275419 0.7700688624882404 1.0 1.0 0.0 0.05626159838618125 0.99495638530041 0.11110149339982503 0.3318213478599881 1.0 0.5944399007627904 0.44272488214696887 0.0 0.6987963211565157 0.8887463978869604 0.8483805088637397 0.0022593344425675954 0.0 0.7134076196470942 0.899562694638695 0.08469813713199648 0.96284027775537 0.9638022522148546 0.07713771921887506 0.4977439818030456 0.4858538953131283 0.17647783363963387 0.9197683434457592 0.7388249384222944 0.8084874554948543 0.18128916606452353 0.9265334420804816 0.5239321164670001 0.04679551770303667 0.8745244006430898 0.8025683396476971 0.28527114334057424 0.3769128457227955 0.0 0.8120045411012659 0.4970824222753922 0.0 0.889713293505546 0.11020597119944742 
2 0.1612938389320812 0.10677569915856719 0.25432921875075 0.24721982826990968 0.9308226467177115 0.43280956650528324 0.8438505233087685 0.9099969083746844 0.49796575819385025 0.1679210878974312 0.827664029089207 0.9985646713854144 0.6922352037754327 0.902719156384292 0.14267933418780773 0.0 0.7590872211851681 0.011882863953738247 0.21994933712433715 0.8424578398453403 0.0 0.23587133767458693 0.6523814998017833 0.29583415109499933 0.8091128803034133 0.9120093364684454 0.04974145967480659 0.9317935117066427 0.057698363616497814 0.2142285638882308 0.0 0.7627916499121985 0.7638726809035894 0.013944702460803537 0.09537169393532005 0.906921810529041 0.840394507206244 0.1360708159146773 0.06073408084863127 9.905647427973056E-4 0.731723329220304 0.4818711565098352 0.2873240373139163 0.44724009675634746 0.9720744149397781 0.7411569595292429 0.2929748879993816 0.1342802607947826 0.2294656231733329 0.1424147207418154 0.28614379433416504 0.01919536960972384 1.0 0.0 0.9839963063520158 0.8702207414649274 0.0 0.050468931772814335 0.4303565134812883 0.0 0.14008482887151397 0.34150539990075257 0.9133182939213916 0.08506319242418292 0.4302350208169427 0.13025987018077773 0.0698032638563289 0.2687513605943337 0.34132816218940853 0.0 0.23349969953684732 0.22178740385518564 0.02557857210646905 0.27803995814599936 0.561198570669876 0.4234061115079315 0.6626097116313054 0.3756980084758579 0.8422675020959491 0.7418921860081046 1.0 0.9404723628884386 0.7399907241844756 0.6333232202615274 0.7317020067519839 0.45065465983363984 0.04859274063814993 0.0 0.22691671164230595 0.007424118769381274 0.9355761449341335 0.0 0.9270521747196869 0.002150825116569918 0.5778569973989851 0.7422466773352996 0.0 0.4945877219292668 0.40371020754926007 0.05076975256268445 0.03140666215521132 0.40678720062554785 0.7478259788995933 0.4268794936400057 0.23194316017613484 0.011335661528920007 0.23062206769555493 1.0 0.2482134846810543 0.0 0.562493169699168 0.11375168610768047 0.37417332030298106 0.2640137408019006 0.5 0.0 0.47660626558263497 0.5025073823210766 0.5 0.2713401423819186 0.7405577261795955 0.7361236689386222 0.84968822672763 0.183751322930978 0.01675068262280149 0.8865742101959888 0.576605583681941 0.11346255827772345 0.22921337575126932 0.9743936508752133 0.8264337932912389 0.9589936741011784 0.8234749097048522 0.6493081486668897 0.0 0.16367935951314436 0.9967982003685587 0.22009368447877656 0.03138798434201573 0.8428191280927925 0.1518561769697541 0.6039988390370412 0.0 0.7746955851990087 1.0 0.9291700882487275 1.0 0.0 0.49234495309132265 1.0 0.12268698132283667 0.8061312176977427 0.9276045044297092 0.005860326522358364 0.0 0.29381362427247393 0.1867217665833113 0.9021192043668738 0.9610488596086526 1.0 0.051975138297248244 1.0 0.5856524053858179 0.052689848333379766 0.8298453775613399 0.8355500292202802 0.01291484044851704 0.4825713443249253 0.034800815256625726 0.5528586638656998 0.3248610159573234 0.0 0.4283642649940665 0.23965143181782858 
2 0.10368783496807762 0.10303770694070748 0.21625497153679174 0.1867074136412953 0.7955883184135644 0.0 0.9164284621569145 0.8395937553686237 0.7969253447930065 0.16066687457907103 0.04308404293768525 0.7704925138733622 0.49176226402870005 0.9587496330003933 0.10557513366037705 0.036362905584376354 0.8822241145173781 0.30997753346476586 0.33670937035674053 0.625275522109279 0.0 0.2680326704134215 0.5839873200919128 0.29333005777832244 0.8601079905614673 0.8599007075930647 0.28678912774904136 0.987058381507599 0.0 0.20184594376559378 0.0023166846023507464 0.7200107432420517 0.898954968949953 0.0013427632118510609 0.169245384696847 1.0 0.6473630365834993 0.1256556514588563 0.46954168826641934 0.026070153876092426 0.749334299474266 0.7857251121251352 0.13908655382552326 0.22362004837817373 0.24862787055280722 0.39393495693114056 0.4273439628648017 0.7542513133165909 0.12973065632602496 0.4537840615021212 0.4437847110179317 0.035105807800192686 1.0 0.2086628403094326 0.9914889273305262 0.2420056415027649 0.27974842259579547 0.0022534412605485707 0.9196250145567184 0.6555965351638072 0.10932279782807357 0.0 0.8759809082653693 0.08506319242418292 0.08884955916001866 0.11440369218436386 0.1286562115691809 0.9788551280736647 0.9356645954344617 0.0 0.3011658681316929 0.4588282211282061 0.008411795525192558 0.27618969169481966 0.9708280708924344 1.0 0.6858583865399184 0.3481539430674005 0.7330587459743226 1.0 0.4492620030922081 0.3306188063856797 0.5989230980415634 0.894185237859891 0.0 0.2594171216551565 0.01072594303760423 0.0 1.0 0.07499007830848989 1.0 0.24671061373943703 0.7695848864823002 0.04934950606946567 0.05528192865602699 0.6800875623668663 0.0 0.3491828992294457 0.5176101494721006 0.007752394700104061 0.6731549093313135 0.5487924292004329 0.7952381622018577 1.0 0.10665981172500805 0.012319985878691247 0.2683987930988766 0.6532355579793963 0.14132209616411334 0.0 0.6789482873889153 0.29939609683596585 0.18708666015149053 0.3308809499737274 0.1478894310921189 0.16219613924698778 0.0 0.45329508174847544 0.0 0.4783130211433383 0.4439530481909321 0.8404375743317078 1.0 1.0 0.0118391788812197 0.9534444977248536 0.4035972309228385 0.45669257967806326 0.11460668787563466 0.9787917465476176 0.8684368393275419 0.7700688624882404 1.0 1.0 0.0 0.05626159838618125 0.99495638530041 0.11110149339982503 0.3318213478599881 1.0 0.5944399007627904 0.44272488214696887 0.0 0.6987963211565157 0.8887463978869604 0.8483805088637397 0.0022593344425675954 0.0 0.7134076196470942 0.899562694638695 0.08469813713199648 0.96284027775537 0.9638022522148546 0.07713771921887506 0.4977439818030456 0.4858538953131283 0.17647783363963387 0.9197683434457592 0.7388249384222944 0.8084874554948543 0.18128916606452353 0.9265334420804816 0.5239321164670001 0.04679551770303667 0.8745244006430898 0.8025683396476971 0.28527114334057424 0.3769128457227955 0.0 0.8120045411012659 0.4970824222753922 0.0 0.889713293505546 0.11020597119944742 
2 0.05509067471682576 0.06608835071603394 0.737491374485407 0.20960926750037634 0.7396451425616803 0.6119302415798101 0.8709055264141805 0.8902608381870951 0.47469292952299064 0.14982604213235323 0.9526358913545464 0.9692389634461585 0.8873345443400784 1.0 0.28535866837561547 0.3808032844656551 0.7223892265709918 0.041687744187064224 0.5 0.2594688922706205 0.03067781245998699 0.23626601685884988 0.3052881958025919 0.21004159977329 0.7695451809869411 0.8747668464765528 0.32931028222311465 0.9592583037943878 0.10432501363775379 0.041070310276929825 5.616205096607871E-4 0.0 0.2999429108834647 0.02049126324619419 0.010704489998704214 0.6188251037479955 0.8155113232665568 0.19855891174314377 0.39928698153948333 0.03406264413836115 0.9039518120985335 0.3656064234761171 0.447938448998216 0.0 0.8397606640376336 1.0 0.09105902401999116 0.12287434334170455 0.6600785497851773 0.5021709209478318 0.0 0.024633970473557604 0.3673948176184781 0.26360358065326106 0.9679926127040318 0.5020892196908449 0.06440046036495492 0.05562617797645407 0.38963355249724824 0.942326370988925 0.0 0.7175884387643625 1.0 0.4780194442893504 0.7572823015205409 0.14209300274034864 0.06396680083525658 0.05104024518922334 0.4286450880483847 0.0 0.20231515020798974 0.13466803356334442 0.024833766817944792 0.022965099977773296 0.8344672672619452 0.34058419238560145 0.7904923643348166 0.7028812014260397 0.9504500968172847 0.7238681213490835 0.6743434546549375 0.7709141951070106 1.0 0.2986920279667875 0.87853472749858 0.7970625047150325 0.05936709232301605 0.0053869817087416755 0.0 0.0 0.8682894440594364 0.28209953138183724 0.924474873893225 0.0 0.6689135664992828 0.8347031046640391 0.0 0.39514352811782294 0.3070873101862237 0.015397785117239009 0.0 0.3294212863734552 0.7708687531503646 0.4013018524349654 0.05453124357465702 0.0013849735210499257 0.03238292985695984 0.7627506446443721 0.7836520469571713 0.4810835248908099 0.9934770189913 0.1553069637875319 0.11715770305536266 0.759145886785624 0.5860427271753855 0.16975234801714967 0.3894868182279946 0.26430451151114764 0.9593686754495082 0.2770724601619964 0.8970125965345448 0.26392787264133893 0.5412156491334283 0.13583239636850114 0.02545984535139791 0.9054097650613046 0.7887027985326577 0.26407813850391426 0.0 0.9983965482543478 0.661102354297019 0.544590291331882 0.6715544888178722 0.2007269168227847 7.885263634706124E-4 0.08261127376255031 1.0 0.1638036394893335 0.9821547099100445 0.819107822405073 0.0 0.25109795071272106 0.26280471552182316 0.9907395599405837 0.7181268557651272 0.8192686222516785 0.8880780655531068 0.010718865024879252 0.7679531952857948 0.9282963731908036 0.0 0.9547530426908708 1.0 0.010128635221642118 0.36969268715277825 0.561753465089545 0.2790865288536021 0.9897697307565678 0.3875634117976744 0.9921342523496152 6.452904525436707E-4 0.9308855997630818 0.03737473738934194 0.6003710425297903 0.44932346467999834 0.9594619282184937 0.007534168790800072 0.6807609490391195 0.0 0.7064269272029337 0.42217932713478357 0.0 0.10257534442234678 0.1617629556908814 
2 0.05509067471682576 0.06608835071603394 0.8192367130285264 0.1495949441148972 0.7549807788894621 0.5038081287435079 0.8585465976462816 0.8802805074299176 0.47469292952299064 0.14982604213235323 0.9526358913545464 0.9374014304313776 0.8600852250478428 1.0 0.28535866837561547 0.48999148049306296 0.9946389921504117 0.025676848326234455 0.5 0.2594688922706205 6.942787461082511E-4 0.24492516270650236 0.31968858118252047 0.23810956173894104 0.7695451809869411 0.8331963611038942 0.0 0.9592583037943878 0.17731503153732045 0.04849900880102498 9.828358919063774E-4 0.21240416880501645 0.2999429108834647 0.011190451292430452 0.0 0.7726065572496608 0.8155113232665568 0.19785986347656137 0.12636590154639454 0.03406264413836115 0.811425784849226 0.608112737023862 0.447938448998216 0.0 0.8822578661751614 1.0 0.09105902401999116 0.0 0.6600785497851773 0.09417595374157794 0.0 0.04466673324945537 0.6708316418525015 0.26360358065326106 0.9519889190560478 0.5690350121490955 0.15725725283726866 0.045962049251717194 0.11223120144856302 0.942326370988925 0.0 0.9290419360427742 0.9659052996681815 0.7382949645400714 0.8301345490431078 0.0 0.039148311363816954 0.0 0.4286450880483847 0.0 0.19749543633388164 0.06624683037623202 0.030401669723781742 0.13738533920096827 0.7519618596557848 0.32549294222895153 0.8705140043042794 0.7028812014260397 1.0 0.5007670206977055 0.6909634103153952 1.0 1.0 0.2972199929534726 0.87853472749858 1.0 0.05936709232301605 0.005306658688143831 0.0 0.0 0.856364432155533 0.26720106806916566 1.0 0.0 1.0 0.8347031046640391 0.0 0.4313948636027314 0.18238728710036023 0.02350401660463982 0.0 0.419007421015839 0.7708687531503646 0.29553027661846 0.05453124357465702 0.0013695987661275387 0.03238292985695984 0.5794980595806616 0.7836520469571713 0.0 0.9021707366283869 0.13300745196730407 0.0 0.6487721458043667 0.5860427271753855 0.0 0.22854438376901307 0.06101037835806816 1.0 0.08483024438266157 0.38495652805071917 0.27812983794098545 0.5412156491334283 0.030531725181740882 0.029362682633584023 0.9244423062514673 0.4373767013677995 0.0 0.0 1.0 0.661102354297019 0.5618960715971777 0.6887031681437981 0.2007269168227847 0.0 0.08261127376255031 0.9996147315408861 0.11579095163489833 1.0 0.7570384298112129 0.07437910109056023 0.20794900978906442 0.2707712322922991 0.9731951442766191 0.7181268557651272 0.8192686222516785 0.8747481823135015 0.00925295506780504 0.7744513339709596 0.9021479959968635 0.0 1.0 1.0 0.03239041108011424 0.14117775036538838 0.5949095956122862 0.1802073126976706 1.0 0.10876998278922889 0.9330406249387662 0.0 1.0 0.4056809439941136 0.06369881961557938 0.29367678748983483 0.9594619282184937 0.0 0.8210260107014284 0.24459448378414927 0.7064269272029337 0.006745478298433805 0.0 0.09798498004105771 0.18197588759879782 
2 0.09537177624350907 0.10303770694070748 0.5939195851654376 0.1867074136412953 0.7076673844994397 0.054045117603015974 0.9058286434075886 0.8247355548962403 0.7852889304575766 0.11358675420660207 0.10556997407035495 0.7399108933963437 0.4400654515643528 0.9709501504541433 0.21258463430123287 0.09935178011240539 1.0 0.23481306758746545 0.33670937035674053 0.2044495844922738 0.0 0.2595664293900457 0.4176408607822814 0.27077948308061217 0.8403241409032312 0.8204942199107891 0.28678912774904136 0.9924258947547924 0.056580495042625606 0.10479975361609353 0.002808102548303935 0.4448170026884607 0.898954968949953 0.0013427632118510609 0.169245384696847 1.0 0.6304150086719192 0.1256556514588563 0.46954168826641934 0.04260619357387435 0.7613758574465772 0.8488459023821486 0.2193937596676731 0.0 0.4003292115010322 0.5079618054419257 0.4273439628648017 0.7542513133165909 0.47083306149395165 0.4306092712540728 0.4437847110179317 0.049877255332386246 1.0 0.2222994393772436 0.9754852336825421 0.2420056415027649 0.3339518218725796 0.0 0.7605623585403558 0.6840353870032416 0.07267730008053622 0.03745063111777602 0.8712133363867203 0.08506319242418292 0.3857966200454104 0.13010848065445724 0.1286562115691809 0.8645846847096821 0.9838122518232828 0.0 0.30654049787936577 0.2388210902159629 0.010823344333848904 0.26429359305949573 0.8560959569112492 0.9983475640340144 0.7898105328764053 0.37083802975091146 0.7330587459743226 0.9222645268642841 0.5031421104519673 0.7151686254509393 0.7289277359493256 0.6692835394161488 0.0 0.2594171216551565 0.009977220432403181 1.312192316983514E-4 1.0 0.0 0.9648302124868634 0.31814742497957976 0.8060587991224567 0.057524804759967366 0.03001383388033224 0.7096547808810659 0.0 0.36395835071802546 0.42598783082621394 0.007752394700104061 0.6731549093313135 0.5975473371264123 0.7952381622018577 0.9378793086778539 0.0 0.006288403271952098 0.2683987930988766 0.5073626422226685 0.4090413773021718 0.0 0.9484329141950107 0.2767439493691566 0.0 0.509178158590516 0.07258894852177397 0.16219613924698778 0.0 0.3475238741715231 0.0 0.38505807214370974 0.36107670913813183 0.8404375743317078 0.8557507209302293 0.8063684613904127 0.021474047076121588 0.9534444977248536 0.4376765685681941 0.39996130053920154 0.0 1.0 0.7857711198304319 0.5510168982868292 0.7751504475298995 0.9586712280769093 0.0 0.08676833198933118 0.9956315304267676 0.06043057787050271 0.3318213478599881 0.9415803762177786 0.49023916072193974 0.43179556875577274 0.0022734112984129223 0.7980461006953209 0.747809825769524 0.8699488812205363 0.0 0.0 0.7998595802603627 0.8506366926371267 0.08469813713199648 0.96284027775537 1.0 0.04732689216891658 0.34999646105191 0.4858538953131283 0.17647783363963387 0.9688851374876732 0.7388249384222944 0.7614605148620219 0.10592797317127128 0.9265334420804816 0.5239321164670001 0.0 0.8370094326696678 0.8025683396476971 0.22916576122983184 0.5160785840919093 0.0 0.7926437998725 0.2922992372515572 0.0 0.5932971328634878 0.08136819908993204 
2 0.03628509589806206 0.16749915890873154 0.6615179484283542 0.28833793229484883 0.6646366134702195 0.29185175500325244 0.9220781716475535 0.9399622037822263 1.0 0.0654900022303041 1.0 1.0 0.7232460978978986 0.9957192593055192 0.0 0.18319880504834513 0.28460991397194424 0.3052602965961674 0.8976618163805119 0.961327101364208 0.9973661366246381 0.23710380405312603 0.4354963523180284 0.26828096292233916 0.7890559356703635 1.0 0.7585392424142785 0.9772710025029914 0.0 4.1948911266080635E-4 6.318230733683855E-4 0.0 0.0 0.06902633066993487 0.19498113469580544 1.0 0.8748806648012528 0.1189797114162714 0.7066919912805647 0.009090934519594359 0.8249690862928114 0.2147924534056486 0.09067837722932831 0.09180616130980862 0.951451553139152 1.0 0.030039100816366127 0.37103153277557466 0.0 0.7053539506034112 0.021226597282935508 0.0 0.7153875830714519 0.30111044654840835 1.0 0.33926158048617433 0.0030278953268429443 0.04693079311676214 0.596392044496066 1.0 0.16144396822664248 0.33371711266315257 1.0 0.08506319242418292 0.4205415705533002 0.118501511675599 0.17660443264788625 0.3459113297101152 0.4140621062855553 0.0 0.0 0.13278516092455078 0.014722280174119693 0.15228256962660766 0.6529773140388655 1.0 0.30829615227628177 0.6594087717708604 0.6060669551165332 0.9327968171473104 0.8084222009988051 0.9926391996439903 1.0 0.8701601686059985 0.9422449389676592 0.13191712765550428 0.0834064686139272 0.011905198715095286 0.9536848709228093 0.17245887429265394 1.0 0.9614374712804477 0.8668850470786424 0.18761197821829567 0.0 0.8856630927933112 0.0 0.3589394547904437 0.4834721901959333 0.0 0.21793101344830973 0.31895090512217206 0.8323623811545214 1.0 0.009527036501773351 0.0012183197467746263 0.06618387783218753 0.9398981412093155 0.49083293642851133 0.48721241711618923 0.00468538620179626 0.11390710920286937 0.49118781240060333 0.8328885537131627 0.3036537989796829 0.889198869485886 0.5774696958316985 0.16339273470874574 0.705394629994144 0.7077832400796373 1.0 0.20835629733839175 0.3938826206157163 0.37006312636840993 0.008994650197311221 0.6807950496913322 1.0 0.35589489497980875 0.0 0.9994241239384459 0.26246305503954326 0.2646962969942892 0.5669039499041757 0.39733924777710894 0.2549967894579295 0.0 0.9985153307722783 0.0 0.47214218002843783 0.9131713252810113 0.0 0.2834491563283339 0.12811069999122818 0.9900716865061319 0.5962545790775294 0.7729506401771926 0.630713990250244 0.027481395267805846 1.0 0.9537705999074815 0.48048561532184764 0.3802859851794515 0.9276045044297092 0.0 0.5972188204378718 0.45216020374869387 0.26381596915652794 1.0 0.9200060733350415 1.0 0.0 0.8828463419409471 0.13363230132553988 0.7648973206794611 1.0 0.9993041255822884 0.0 0.5289730353974925 0.07368607366473057 0.8967323422590976 0.5205453584510518 0.0 0.3340876366043758 0.21863346010147777 
2 0.10368783496807762 0.10303770694070748 0.5003928969328115 0.1867074136412953 0.7076673844994397 0.054045117603015974 0.9164284621569145 0.8247355548962403 0.7852889304575766 0.11358675420660207 0.10556997407035495 0.7399108933963437 0.49176226402870005 0.9587496330003933 0.10557513366037705 0.036362905584376354 1.0 0.30997753346476586 0.33670937035674053 0.33378104832191907 0.0 0.2680326704134215 0.4176408607822814 0.29333005777832244 0.8403241409032312 0.8204942199107891 0.28678912774904136 0.987058381507599 0.0509797580811945 0.10776177994927469 0.002808102548303935 0.4448170026884607 0.898954968949953 0.0013427632118510609 0.169245384696847 1.0 0.6304150086719192 0.1256556514588563 0.46954168826641934 0.04260619357387435 0.7891855272887269 0.8488459023821486 0.2193937596676731 0.0 0.24862787055280722 0.39393495693114056 0.4273439628648017 0.7542513133165909 0.34503711963194716 0.4306092712540728 0.4437847110179317 0.04180305203002546 1.0 0.2086628403094326 0.9754852336825421 0.2420056415027649 0.3339518218725796 0.0 0.7605623585403558 0.6555965351638072 0.10932279782807357 0.0 0.8759809082653693 0.08506319242418292 0.3180454411921251 0.11440369218436386 0.1286562115691809 0.8444794477764979 0.9826790083568542 0.0 0.3011658681316929 0.26936376951316643 0.010823344333848904 0.27618969169481966 0.9708280708924344 1.0 0.7898105328764053 0.3481539430674005 0.7330587459743226 1.0 0.4492620030922081 0.4447789177417745 0.7289277359493256 0.6093866717503506 0.0 0.2594171216551565 0.01072594303760423 1.312192316983514E-4 1.0 0.07127801892379924 0.9654610326714932 0.38031114777401986 0.8060587991224567 0.04934950606946567 0.05528192865602699 0.7263157760312361 0.0 0.31758647006617796 0.4069486892476507 0.007752394700104061 0.6731549093313135 0.5487924292004329 0.7952381622018577 0.9378793086778539 0.10665981172500805 0.007336954497295012 0.2683987930988766 0.44298458776972705 0.4090413773021718 0.0 0.8487870708535248 0.30902397976577767 0.0 0.509178158590516 0.1478894310921189 0.16219613924698778 0.0 0.24779917435648827 0.0 0.38505807214370974 0.4439530481909321 0.8404375743317078 0.90464207195312 1.0 0.01888518117787081 0.9534444977248536 0.4035972309228385 0.39996130053920154 0.0 0.9915949211100109 0.7857711198304319 0.5510168982868292 0.9737193475934762 1.0 0.0 0.015727555510884228 0.99495638530041 0.05895012697788592 0.3318213478599881 1.0 0.5371065875505534 0.44272488214696887 0.0022734112984129223 0.7980461006953209 0.747809825769524 0.8483805088637397 0.0 0.0037993336031003667 0.8544608100869127 0.8506366926371267 0.08469813713199648 0.96284027775537 1.0 0.07713771921887506 0.5683328569857398 0.4858538953131283 0.17647783363963387 0.9688851374876732 0.7388249384222944 0.8084874554948543 0.14811505859718996 0.9265334420804816 0.5239321164670001 0.05230000334413648 0.8745244006430898 0.8025683396476971 0.2788137231163157 0.546140178911047 0.0 0.8120045411012659 0.4970824222753922 0.0 0.749019896039306 0.08136819908993204 
2 0.09537177624350907 0.10303770694070748 0.5939195851654376 0.1867074136412953 0.7076673844994397 0.054045117603015974 0.9058286434075886 0.8247355548962403 0.7852889304575766 0.11358675420660207 0.10556997407035495 0.7399108933963437 0.4400654515643528 0.9709501504541433 0.21258463430123287 0.09935178011240539 1.0 0.23481306758746545 0.33670937035674053 0.2044495844922738 0.0 0.2595664293900457 0.4176408607822814 0.27077948308061217 0.8403241409032312 0.8204942199107891 0.28678912774904136 0.9924258947547924 0.056580495042625606 0.10479975361609353 0.002808102548303935 0.4448170026884607 0.898954968949953 0.0013427632118510609 0.169245384696847 1.0 0.6304150086719192 0.1256556514588563 0.46954168826641934 0.04260619357387435 0.7613758574465772 0.8488459023821486 0.2193937596676731 0.0 0.4003292115010322 0.5079618054419257 0.4273439628648017 0.7542513133165909 0.47083306149395165 0.4306092712540728 0.4437847110179317 0.049877255332386246 1.0 0.2222994393772436 0.9754852336825421 0.2420056415027649 0.3339518218725796 0.0 0.7605623585403558 0.6840353870032416 0.07267730008053622 0.03745063111777602 0.8712133363867203 0.08506319242418292 0.3857966200454104 0.13010848065445724 0.1286562115691809 0.8645846847096821 0.9838122518232828 0.0 0.30654049787936577 0.2388210902159629 0.010823344333848904 0.26429359305949573 0.8560959569112492 0.9983475640340144 0.7898105328764053 0.37083802975091146 0.7330587459743226 0.9222645268642841 0.5031421104519673 0.7151686254509393 0.7289277359493256 0.6692835394161488 0.0 0.2594171216551565 0.009977220432403181 1.312192316983514E-4 1.0 0.0 0.9648302124868634 0.31814742497957976 0.8060587991224567 0.057524804759967366 0.03001383388033224 0.7096547808810659 0.0 0.36395835071802546 0.42598783082621394 0.007752394700104061 0.6731549093313135 0.5975473371264123 0.7952381622018577 0.9378793086778539 0.0 0.006288403271952098 0.2683987930988766 0.5073626422226685 0.4090413773021718 0.0 0.9484329141950107 0.2767439493691566 0.0 0.509178158590516 0.07258894852177397 0.16219613924698778 0.0 0.3475238741715231 0.0 0.38505807214370974 0.36107670913813183 0.8404375743317078 0.8557507209302293 0.8063684613904127 0.021474047076121588 0.9534444977248536 0.4376765685681941 0.39996130053920154 0.0 1.0 0.7857711198304319 0.5510168982868292 0.7751504475298995 0.9586712280769093 0.0 0.08676833198933118 0.9956315304267676 0.06043057787050271 0.3318213478599881 0.9415803762177786 0.49023916072193974 0.43179556875577274 0.0022734112984129223 0.7980461006953209 0.747809825769524 0.8699488812205363 0.0 0.0 0.7998595802603627 0.8506366926371267 0.08469813713199648 0.96284027775537 1.0 0.04732689216891658 0.34999646105191 0.4858538953131283 0.17647783363963387 0.9688851374876732 0.7388249384222944 0.7614605148620219 0.10592797317127128 0.9265334420804816 0.5239321164670001 0.0 0.8370094326696678 0.8025683396476971 0.22916576122983184 0.5160785840919093 0.0 0.7926437998725 0.2922992372515572 0.0 0.5932971328634878 0.08136819908993204 
2 0.03897733845470089 0.12255091371982375 0.75 0.24588966015625147 0.7514208735439558 0.713261568263898 0.9087599711658989 0.8927193627333442 0.9999271861456063 0.02781184766846531 0.9052717827090928 1.0 1.0 0.9156189723752424 0.0 0.0 0.2501073691586667 0.30815931521614265 1.0 1.0 1.0 0.2487887208777029 0.3763759688248054 0.2754927877053324 0.95495248192357 0.7838675248015077 0.7407193995485502 0.9438984631939631 0.0 0.021449868856016366 0.0 0.0 0.0 0.057897148455366226 0.2265651595358833 0.9992813637159517 0.940235365512402 0.0985914108216126 1.0 0.005456342605174899 0.9930534151203778 0.0 0.024783487017927375 0.3101951654402647 0.8723802490298096 0.9265986887734172 0.02566031692163495 0.3602722294076144 0.1525632330317253 0.4475498198579203 0.0 0.0010409520874960568 0.6950217497205987 0.13919535166016644 0.9422364765915356 0.46308896721234394 0.44172747667908274 0.09104298698364499 0.3416466295596736 1.0 0.18440386083477314 0.7461733245727449 1.0 0.7422572105909644 0.49762646690396056 0.25055502441290967 0.09405945498710766 0.42260366724193604 0.4377753355038433 0.0 0.10412966195066534 0.0 0.0022813632285420323 0.10946492963535653 1.0 0.8513576169584633 0.3543220431552009 0.6723241472874262 0.5633232026347887 0.6033455119807983 0.8084222009988051 0.9633021373899061 0.7195363362160223 0.5842795183451222 0.9422449389676592 0.24851691001456278 0.09999862364155258 0.010796912851939882 0.8690058586723154 0.18578713064003372 1.0 0.6950160422733767 1.0 0.1261176871311849 0.0 0.9561074064044055 0.0 0.3577370394462887 0.46637106703632153 0.0 0.39203760665455945 0.30491252308022976 0.8323623811545214 1.0 0.0 0.006238289784425803 0.045839561766240794 1.0 0.29502472241756156 0.9577537581288591 0.0 0.08377176203855287 0.5749457620941383 1.0 0.24381486106756148 0.6059033640538456 0.6971168294525709 0.3979940941431387 0.5140951874118682 0.6314481177660901 1.0 0.4789978356699237 0.37566289663447394 0.20262236740475914 0.0182232485996047 0.7383480487874765 0.5109382883168179 0.4125038388002838 0.0 0.9239947541968692 0.4631039173838819 0.37047612506427974 0.7956636611569385 0.12822500071532977 0.3056991284351832 0.24164528009004344 0.9981600297037432 0.0 0.47752506352249363 0.6526853011240452 0.0 0.3063363258483596 0.0 0.8614767095717822 0.7170116671882215 0.7597962831912479 0.6599416511899854 0.037673825996335245 1.0 1.0 0.37969859410569157 0.21075087077477267 1.0 0.04099400896505677 0.488714865492786 0.45216020374869387 0.37593723709699745 1.0 0.9307324658683878 0.9029257676945985 0.04399682496656199 0.8145786657039251 0.09602387356955824 0.6168989269152702 0.6885169947417946 1.0 0.27422638643043584 0.723147779766107 0.08428478397076332 0.6865903189186823 0.4091983064851218 0.0 0.17107472015503056 0.21487415351539074 
2 0.10985975904927595 0.10303770694070748 0.15168268778544913 0.1867074136412953 0.7076673844994397 0.30092378673710163 0.8393887322491251 0.8247355548962403 0.6747779808042884 0.11358675420660207 0.10556997407035495 0.8014901461294073 0.49176226402870005 0.9587496330003933 0.10557513366037705 0.0 1.0 0.2978556802898729 0.33670937035674053 0.35350669786205446 0.0 0.2603920366603133 0.4176408607822814 0.29333005777832244 0.8403241409032312 0.8204942199107891 0.28678912774904136 1.0 0.07189676374765605 0.10776177994927469 0.002808102548303935 0.4448170026884607 1.0 0.0 0.169245384696847 1.0 0.6304150086719192 0.1256556514588563 0.4823291327950976 0.04260619357387435 0.7304634468159694 0.8488459023821486 0.2193937596676731 0.0 0.24862787055280722 0.39393495693114056 0.4708148569675491 0.6927429920046753 0.34503711963194716 0.5873617595980839 0.4437847110179317 0.05208784529758434 1.0 0.2086628403094326 1.0 0.2420056415027649 0.3339518218725796 0.0 0.9241495845991108 0.7549837419147034 0.10932279782807357 0.2701013191050543 1.0 0.0 0.3180454411921251 0.13398418962986453 0.15949099085826005 0.8444794477764979 1.0 0.0 0.3011658681316929 0.3371062042078908 0.010823344333848904 0.18884760887507385 0.8419525170677854 0.8545564756537478 0.7898105328764053 0.3481539430674005 0.7330587459743226 0.7616049869301951 0.4492620030922081 0.8478732278309848 0.7289277359493256 0.6093866717503506 0.0 0.2594171216551565 0.016501054174029348 0.0 1.0 0.07127801892379924 1.0 0.35399392032834726 1.0 0.04934950606946567 0.05528192865602699 0.7263157760312361 0.0 0.31758647006617796 0.5505351888134864 0.007752394700104061 0.6731549093313135 0.5501454408806958 0.7952381622018577 0.7534490925519406 0.0 0.0062242789772257185 0.28004083531539553 0.46872131576382403 0.4771294122701999 0.0 1.0 0.21056136542659404 0.0 0.5683364877962824 0.1478894310921189 0.0 0.019401901288277956 0.28482125891737464 0.0 0.38505807214370974 0.2277642048175627 0.880892905956433 0.7086067440146413 1.0 0.01888518117787081 0.9534444977248536 0.4035972309228385 0.39996130053920154 0.0 0.9915949211100109 0.7857711198304319 0.7681370805406162 0.872285429532847 0.7606014516345754 0.0 0.015727555510884228 0.99495638530041 0.05895012697788592 0.6385956452539361 1.0 0.5371065875505534 0.45961211281241626 0.0022734112984129223 0.6735228190791392 0.8724098452568895 0.8483805088637397 0.0 0.0 0.9044302990869829 1.0 0.08469813713199648 1.0 1.0 0.0 0.5227075718777776 0.6005473259919207 0.2339408180466751 0.9688851374876732 0.6161635479651533 0.9633100150325257 0.0 0.9265334420804816 0.3928660666096187 0.21638591876755242 0.7731745582203895 0.8025683396476971 0.0 0.546140178911047 0.0 0.816977830295778 0.43327749919716463 0.0 0.8793426164831302 0.12300394481708177 
2 0.10985975904927595 0.10303770694070748 0.15168268778544913 0.1867074136412953 0.7076673844994397 0.30092378673710163 0.8393887322491251 0.8247355548962403 0.6747779808042884 0.11358675420660207 0.10556997407035495 0.8014901461294073 0.49176226402870005 0.9587496330003933 0.10557513366037705 0.0 1.0 0.2978556802898729 0.33670937035674053 0.35350669786205446 0.0 0.2603920366603133 0.4176408607822814 0.29333005777832244 0.8403241409032312 0.8204942199107891 0.28678912774904136 1.0 0.07189676374765605 0.10776177994927469 0.002808102548303935 0.4448170026884607 1.0 0.0 0.169245384696847 1.0 0.6304150086719192 0.1256556514588563 0.4823291327950976 0.04260619357387435 0.7304634468159694 0.8488459023821486 0.2193937596676731 0.0 0.24862787055280722 0.39393495693114056 0.4708148569675491 0.6927429920046753 0.34503711963194716 0.5873617595980839 0.4437847110179317 0.05208784529758434 1.0 0.2086628403094326 1.0 0.2420056415027649 0.3339518218725796 0.0 0.9241495845991108 0.7549837419147034 0.10932279782807357 0.2701013191050543 1.0 0.0 0.3180454411921251 0.13398418962986453 0.15949099085826005 0.8444794477764979 1.0 0.0 0.3011658681316929 0.3371062042078908 0.010823344333848904 0.18884760887507385 0.8419525170677854 0.8545564756537478 0.7898105328764053 0.3481539430674005 0.7330587459743226 0.7616049869301951 0.4492620030922081 0.8478732278309848 0.7289277359493256 0.6093866717503506 0.0 0.2594171216551565 0.016501054174029348 0.0 1.0 0.07127801892379924 1.0 0.35399392032834726 1.0 0.04934950606946567 0.05528192865602699 0.7263157760312361 0.0 0.31758647006617796 0.5505351888134864 0.007752394700104061 0.6731549093313135 0.5501454408806958 0.7952381622018577 0.7534490925519406 0.0 0.0062242789772257185 0.28004083531539553 0.46872131576382403 0.4771294122701999 0.0 1.0 0.21056136542659404 0.0 0.5683364877962824 0.1478894310921189 0.0 0.019401901288277956 0.28482125891737464 0.0 0.38505807214370974 0.2277642048175627 0.880892905956433 0.7086067440146413 1.0 0.01888518117787081 0.9534444977248536 0.4035972309228385 0.39996130053920154 0.0 0.9915949211100109 0.7857711198304319 0.7681370805406162 0.872285429532847 0.7606014516345754 0.0 0.015727555510884228 0.99495638530041 0.05895012697788592 0.6385956452539361 1.0 0.5371065875505534 0.45961211281241626 0.0022734112984129223 0.6735228190791392 0.8724098452568895 0.8483805088637397 0.0 0.0 0.9044302990869829 1.0 0.08469813713199648 1.0 1.0 0.0 0.5227075718777776 0.6005473259919207 0.2339408180466751 0.9688851374876732 0.6161635479651533 0.9633100150325257 0.0 0.9265334420804816 0.3928660666096187 0.21638591876755242 0.7731745582203895 0.8025683396476971 0.0 0.546140178911047 0.0 0.816977830295778 0.43327749919716463 0.0 0.8793426164831302 0.12300394481708177 
2 0.10368783496807762 0.10303770694070748 0.5003928969328115 0.1867074136412953 0.7076673844994397 0.054045117603015974 0.9164284621569145 0.8247355548962403 0.7852889304575766 0.11358675420660207 0.10556997407035495 0.7399108933963437 0.49176226402870005 0.9587496330003933 0.10557513366037705 0.036362905584376354 1.0 0.30997753346476586 0.33670937035674053 0.33378104832191907 0.0 0.2680326704134215 0.4176408607822814 0.29333005777832244 0.8403241409032312 0.8204942199107891 0.28678912774904136 0.987058381507599 0.0509797580811945 0.10776177994927469 0.002808102548303935 0.4448170026884607 0.898954968949953 0.0013427632118510609 0.169245384696847 1.0 0.6304150086719192 0.1256556514588563 0.46954168826641934 0.04260619357387435 0.7891855272887269 0.8488459023821486 0.2193937596676731 0.0 0.24862787055280722 0.39393495693114056 0.4273439628648017 0.7542513133165909 0.34503711963194716 0.4306092712540728 0.4437847110179317 0.04180305203002546 1.0 0.2086628403094326 0.9754852336825421 0.2420056415027649 0.3339518218725796 0.0 0.7605623585403558 0.6555965351638072 0.10932279782807357 0.0 0.8759809082653693 0.08506319242418292 0.3180454411921251 0.11440369218436386 0.1286562115691809 0.8444794477764979 0.9826790083568542 0.0 0.3011658681316929 0.26936376951316643 0.010823344333848904 0.27618969169481966 0.9708280708924344 1.0 0.7898105328764053 0.3481539430674005 0.7330587459743226 1.0 0.4492620030922081 0.4447789177417745 0.7289277359493256 0.6093866717503506 0.0 0.2594171216551565 0.01072594303760423 1.312192316983514E-4 1.0 0.07127801892379924 0.9654610326714932 0.38031114777401986 0.8060587991224567 0.04934950606946567 0.05528192865602699 0.7263157760312361 0.0 0.31758647006617796 0.4069486892476507 0.007752394700104061 0.6731549093313135 0.5487924292004329 0.7952381622018577 0.9378793086778539 0.10665981172500805 0.007336954497295012 0.2683987930988766 0.44298458776972705 0.4090413773021718 0.0 0.8487870708535248 0.30902397976577767 0.0 0.509178158590516 0.1478894310921189 0.16219613924698778 0.0 0.24779917435648827 0.0 0.38505807214370974 0.4439530481909321 0.8404375743317078 0.90464207195312 1.0 0.01888518117787081 0.9534444977248536 0.4035972309228385 0.39996130053920154 0.0 0.9915949211100109 0.7857711198304319 0.5510168982868292 0.9737193475934762 1.0 0.0 0.015727555510884228 0.99495638530041 0.05895012697788592 0.3318213478599881 1.0 0.5371065875505534 0.44272488214696887 0.0022734112984129223 0.7980461006953209 0.747809825769524 0.8483805088637397 0.0 0.0037993336031003667 0.8544608100869127 0.8506366926371267 0.08469813713199648 0.96284027775537 1.0 0.07713771921887506 0.5683328569857398 0.4858538953131283 0.17647783363963387 0.9688851374876732 0.7388249384222944 0.8084874554948543 0.14811505859718996 0.9265334420804816 0.5239321164670001 0.05230000334413648 0.8745244006430898 0.8025683396476971 0.2788137231163157 0.546140178911047 0.0 0.8120045411012659 0.4970824222753922 0.0 0.749019896039306 0.08136819908993204 
2 0.12686297038340805 0.023235200637479525 0.4182546614568806 0.145991249961438 0.8319265328494203 0.35779160622634953 0.9779048605027075 0.7747485920076675 0.987157896313537 0.26806904116261365 0.8976523637002519 0.9605281911569061 0.5431510568860904 0.9923501363936729 0.0 0.06883226488109838 0.6862447824295664 0.09429634333633448 0.329441114535826 0.36630265911108184 0.2714019759742421 0.26505592412145207 0.4040522398463424 0.30205462249850007 1.0 0.7702386790366451 0.6730664414969331 0.9964073692835118 0.050703249235266916 0.1651633135367524 0.0 0.16509726739866992 0.9925731282667924 9.399342482957426E-4 0.0 0.8415884827249369 0.7653220573755283 0.16543492891508121 0.2496079212976467 0.01633167414633111 0.6132773059925402 0.21886148261183627 0.47885032827065205 0.6325523905453688 0.3959071678311942 0.6110639112699638 0.16909595247341763 0.9245764156056182 0.02441835522827246 0.11926891941986295 0.43171240421792456 0.008974190425150123 0.41307902771735977 0.0 0.9281893762740268 0.34997627760084066 0.13061627860685193 0.0 0.6355225259895777 0.0 0.22506619490261384 0.6192806391628086 1.0 0.04253159621209146 0.47537664191419143 0.0 0.10410124704769039 0.5803182436067406 1.0 0.0 0.24472633530862878 0.16733594365113622 0.02025731053557956 0.5355217960591787 0.822629126249494 1.0 0.8549838955365849 0.24575867622319594 0.7048309571085095 0.5324576612718812 1.0 1.0 0.6904031721186399 0.44496866142095465 0.0 0.3560455791013156 0.036566999255244086 0.010535702868417388 0.4805809007443924 0.408208661855159 0.9940374940480483 0.6082953521399583 0.8883924741664129 0.06660426180281596 0.0700654055848452 0.8557082940210803 0.0 0.0 0.4696211198510933 0.028605658876889276 0.6522999513324088 0.5773356472791691 1.0 0.9938938896558832 0.14816143181942587 0.010270230216159566 0.24656123029184096 0.8427863095730634 0.023431658716280168 0.0 0.5757712522984717 0.45468430435669427 0.19831426615799447 0.4056651065128388 0.0 0.21132511404208768 0.3309990060382226 1.0 0.0 0.17747974931667998 0.20231477553656665 0.9035065358395581 0.93091437538608 0.8589142813264099 0.02581651644085612 0.7604944309380026 0.0 0.021065884251600997 0.0 0.9868118593516071 0.584993627188862 0.4844973549789233 0.984882536649963 0.7710307989359088 0.02817789249390129 0.9563413459808009 0.9961928495792206 0.09243342998144861 0.07272077079692804 0.9536895531175626 0.31545225966215046 0.10124575801398605 0.007274916154921374 0.9394393114831467 0.8008987820305309 0.8139505566176861 0.8236982389091596 0.006112290199077672 0.648313179681665 1.0 0.2622667096882554 1.0 0.9084212947506073 0.07561114669213129 0.08262892203494959 0.36466435294680144 0.19188892255348605 0.9071282898328126 0.8672678616705769 1.0 0.01667345033139301 0.8419825892944615 0.4532971422606279 0.3934946748945858 1.0 0.7893753744826786 0.15309648906017348 0.6590513983379497 0.0 0.5047847021896656 0.15059357362187806 0.0 0.8867179673586363 0.24786742705207665 
2 0.12686297038340805 0.023235200637479525 0.4182546614568806 0.145991249961438 0.8319265328494203 0.35779160622634953 0.9779048605027075 0.7747485920076675 0.987157896313537 0.26806904116261365 0.8976523637002519 0.9605281911569061 0.5431510568860904 0.9923501363936729 0.0 0.06883226488109838 0.6862447824295664 0.09429634333633448 0.329441114535826 0.36630265911108184 0.2714019759742421 0.26505592412145207 0.4040522398463424 0.30205462249850007 1.0 0.7702386790366451 0.6730664414969331 0.9964073692835118 0.050703249235266916 0.1651633135367524 0.0 0.16509726739866992 0.9925731282667924 9.399342482957426E-4 0.0 0.8415884827249369 0.7653220573755283 0.16543492891508121 0.2496079212976467 0.01633167414633111 0.6132773059925402 0.21886148261183627 0.47885032827065205 0.6325523905453688 0.3959071678311942 0.6110639112699638 0.16909595247341763 0.9245764156056182 0.02441835522827246 0.11926891941986295 0.43171240421792456 0.008974190425150123 0.41307902771735977 0.0 0.9281893762740268 0.34997627760084066 0.13061627860685193 0.0 0.6355225259895777 0.0 0.22506619490261384 0.6192806391628086 1.0 0.04253159621209146 0.47537664191419143 0.0 0.10410124704769039 0.5803182436067406 1.0 0.0 0.24472633530862878 0.16733594365113622 0.02025731053557956 0.5355217960591787 0.822629126249494 1.0 0.8549838955365849 0.24575867622319594 0.7048309571085095 0.5324576612718812 1.0 1.0 0.6904031721186399 0.44496866142095465 0.0 0.3560455791013156 0.036566999255244086 0.010535702868417388 0.4805809007443924 0.408208661855159 0.9940374940480483 0.6082953521399583 0.8883924741664129 0.06660426180281596 0.0700654055848452 0.8557082940210803 0.0 0.0 0.4696211198510933 0.028605658876889276 0.6522999513324088 0.5773356472791691 1.0 0.9938938896558832 0.14816143181942587 0.010270230216159566 0.24656123029184096 0.8427863095730634 0.023431658716280168 0.0 0.5757712522984717 0.45468430435669427 0.19831426615799447 0.4056651065128388 0.0 0.21132511404208768 0.3309990060382226 1.0 0.0 0.17747974931667998 0.20231477553656665 0.9035065358395581 0.93091437538608 0.8589142813264099 0.02581651644085612 0.7604944309380026 0.0 0.021065884251600997 0.0 0.9868118593516071 0.584993627188862 0.4844973549789233 0.984882536649963 0.7710307989359088 0.02817789249390129 0.9563413459808009 0.9961928495792206 0.09243342998144861 0.07272077079692804 0.9536895531175626 0.31545225966215046 0.10124575801398605 0.007274916154921374 0.9394393114831467 0.8008987820305309 0.8139505566176861 0.8236982389091596 0.006112290199077672 0.648313179681665 1.0 0.2622667096882554 1.0 0.9084212947506073 0.07561114669213129 0.08262892203494959 0.36466435294680144 0.19188892255348605 0.9071282898328126 0.8672678616705769 1.0 0.01667345033139301 0.8419825892944615 0.4532971422606279 0.3934946748945858 1.0 0.7893753744826786 0.15309648906017348 0.6590513983379497 0.0 0.5047847021896656 0.15059357362187806 0.0 0.8867179673586363 0.24786742705207665 
2 0.22102377627951553 0.07026248097492778 0.4158726692715597 0.10763576378873527 0.8014867401880752 0.4859169837024579 0.9098405886842587 0.8309973859708307 0.7203504472707292 0.158481954167721 0.5101497565151762 0.7613319112434107 0.4260394640846794 0.9744122212351773 0.20245394108697926 0.06973031186749162 0.9489057742830865 0.1955607213318203 0.48735938480986474 0.6492916805485877 0.0 0.27689303769129736 0.4009998742278858 0.317224388203214 0.9728830194670256 0.8204942199107891 0.42417866317699465 0.9806494233273528 0.056580495042625606 0.08783471813719346 0.0021060769112279513 0.6717621496497791 1.0 9.399342482957426E-4 0.1019698280362561 0.9270041404006404 0.6767260083072993 0.11166570896625923 0.48049037010050144 0.004556726248602316 0.7522422828135906 0.28027607289646395 0.37593360377484664 0.49187047641548515 0.4412537604723041 0.3580385621130486 0.44236419963050455 0.9810732033412968 0.3369269286078716 0.08094695898071455 0.45256580922427486 0.022508583618771304 0.6892822710051835 0.13789581810670787 0.9342919899368567 0.33691487216653465 0.26123255721370386 0.04090309406094809 0.6049276258650591 0.45354105831819536 0.20705237637509444 0.12506030313727146 1.0 0.0 0.45357681086673074 0.09704313773020937 0.19085255709531512 0.6775784512056492 0.8722258333191292 0.0 0.29975099857583315 0.2721699052960501 0.0 0.04369626900654471 0.8602105920678638 1.0 0.844283241189048 0.3374636050855348 0.7992105437087575 0.9826788334456045 0.34113772124908326 0.8618656675178773 0.7859529094255137 0.5544908760399677 0.0 0.40189184088417623 0.03243150368426273 0.0 0.9811355181835603 0.28517953113474853 0.9667482450268092 0.5102698943260343 0.8096309875978762 0.04288959836140254 0.15777140681239799 0.7332673283284157 0.0 0.17287110634640204 0.623555708946465 0.008715323783399937 0.4239712273291146 0.5269343592672209 0.6998963139199739 0.9566523035486498 0.08887804229189897 0.010323502764022916 0.24543919841691475 0.7492187322187074 0.06939664387202643 0.15816112800572577 0.8948443787899449 0.3643431879663829 0.08952342683791517 0.6565714529136605 0.1791751988964514 0.15742735022086252 0.27756140181182154 0.8427410606098642 0.0 0.25211167750993635 0.36897141316654 0.7633420260453514 0.96545718769304 1.0 0.018875003184909 0.8682236231667424 0.4545420094468119 0.6006104122952688 0.0 0.988494339666848 0.6335235352308025 0.6301320715851311 1.0 0.8423283192287695 0.09830170905213 0.21661372750547062 0.9934424727800494 0.07494144095614493 0.0 0.9271357043774224 0.4719248323681744 0.20766215854930195 0.0045468225968258585 0.76737053787714 0.9809663389504448 0.8774725092794224 0.3578423432007489 0.005138405054196554 0.6304486855206546 0.932780946659163 0.08549299780904779 0.9007385627510877 0.9542106473753036 0.0 0.34999646105191 0.21393433693656108 0.11573646241188731 0.9367017156422759 0.85720127422186 0.919569549160842 0.037210956837847975 1.0 0.45583615320865745 0.2872827410372697 0.9627829658358037 0.7791133425236016 0.08675886612511811 0.5308172793997806 0.0 0.7436736402512893 0.3562557112472286 0.0 0.4942347022990018 0.15464621479618818 
2 0.22102377627951553 0.07026248097492778 0.4158726692715597 0.10763576378873527 0.8014867401880752 0.4859169837024579 0.9098405886842587 0.8309973859708307 0.7203504472707292 0.158481954167721 0.5101497565151762 0.7613319112434107 0.4260394640846794 0.9744122212351773 0.20245394108697926 0.06973031186749162 0.9489057742830865 0.1955607213318203 0.48735938480986474 0.6492916805485877 0.0 0.27689303769129736 0.4009998742278858 0.317224388203214 0.9728830194670256 0.8204942199107891 0.42417866317699465 0.9806494233273528 0.056580495042625606 0.08783471813719346 0.0021060769112279513 0.6717621496497791 1.0 9.399342482957426E-4 0.1019698280362561 0.9270041404006404 0.6767260083072993 0.11166570896625923 0.48049037010050144 0.004556726248602316 0.7522422828135906 0.28027607289646395 0.37593360377484664 0.49187047641548515 0.4412537604723041 0.3580385621130486 0.44236419963050455 0.9810732033412968 0.3369269286078716 0.08094695898071455 0.45256580922427486 0.022508583618771304 0.6892822710051835 0.13789581810670787 0.9342919899368567 0.33691487216653465 0.26123255721370386 0.04090309406094809 0.6049276258650591 0.45354105831819536 0.20705237637509444 0.12506030313727146 1.0 0.0 0.45357681086673074 0.09704313773020937 0.19085255709531512 0.6775784512056492 0.8722258333191292 0.0 0.29975099857583315 0.2721699052960501 0.0 0.04369626900654471 0.8602105920678638 1.0 0.844283241189048 0.3374636050855348 0.7992105437087575 0.9826788334456045 0.34113772124908326 0.8618656675178773 0.7859529094255137 0.5544908760399677 0.0 0.40189184088417623 0.03243150368426273 0.0 0.9811355181835603 0.28517953113474853 0.9667482450268092 0.5102698943260343 0.8096309875978762 0.04288959836140254 0.15777140681239799 0.7332673283284157 0.0 0.17287110634640204 0.623555708946465 0.008715323783399937 0.4239712273291146 0.5269343592672209 0.6998963139199739 0.9566523035486498 0.08887804229189897 0.010323502764022916 0.24543919841691475 0.7492187322187074 0.06939664387202643 0.15816112800572577 0.8948443787899449 0.3643431879663829 0.08952342683791517 0.6565714529136605 0.1791751988964514 0.15742735022086252 0.27756140181182154 0.8427410606098642 0.0 0.25211167750993635 0.36897141316654 0.7633420260453514 0.96545718769304 1.0 0.018875003184909 0.8682236231667424 0.4545420094468119 0.6006104122952688 0.0 0.988494339666848 0.6335235352308025 0.6301320715851311 1.0 0.8423283192287695 0.09830170905213 0.21661372750547062 0.9934424727800494 0.07494144095614493 0.0 0.9271357043774224 0.4719248323681744 0.20766215854930195 0.0045468225968258585 0.76737053787714 0.9809663389504448 0.8774725092794224 0.3578423432007489 0.005138405054196554 0.6304486855206546 0.932780946659163 0.08549299780904779 0.9007385627510877 0.9542106473753036 0.0 0.34999646105191 0.21393433693656108 0.11573646241188731 0.9367017156422759 0.85720127422186 0.919569549160842 0.037210956837847975 1.0 0.45583615320865745 0.2872827410372697 0.9627829658358037 0.7791133425236016 0.08675886612511811 0.5308172793997806 0.0 0.7436736402512893 0.3562557112472286 0.0 0.4942347022990018 0.15464621479618818 
2 0.20173628091540374 0.15186668650297597 0.22415683268211006 0.07115126717102939 0.817120263803567 0.8173818380546627 0.8836515295122613 1.0 0.9089086486745624 0.0730089525211361 0.6874303867562064 0.7916703637803931 0.5800320619203642 0.9908986923051543 0.054657982153027126 0.0 0.8018407089269082 0.24009344441226507 0.6360301091692644 0.5428123372120478 0.09173297585923666 0.25299103450845084 0.47133651411274186 0.33113195674399465 0.983233676072413 1.0 0.3457828444336153 0.9363051601315426 0.06061791314815554 0.21822440386099695 8.523115748855081E-4 0.4052056338767388 1.0 0.0 0.0 0.974927937856437 0.7370678487490936 0.17165197115156766 0.6164821466009772 0.0 0.7704721581596198 0.5558815412593847 0.04352725456558473 0.26226274854683723 0.0 0.860058790557516 0.6360421586130449 0.5346339889190745 0.10778109657125612 0.5413762014290837 0.6967181697127214 0.05252697267249773 0.8788881472418772 0.013074869199579217 0.9432411689954412 0.12483878549812599 0.0 0.06845567311379253 0.24506923561533453 0.37835368573361555 0.09754768607517365 0.3625544546878937 1.0 0.0 0.5019044834719272 0.007369387349989265 0.2592949651678151 0.766367631933748 0.5106456008222497 0.0 0.3501850708899861 0.2816584800349121 0.004532105716226682 0.0 0.9188117564659484 1.0 0.8705140043042794 0.2739582455290661 0.946841118703949 0.7957596488619572 0.9065228109948162 1.0 0.9854768855053075 0.5990015540465409 0.25335581328185186 0.6407152816785904 0.03908925240987116 5.180951373714667E-4 0.7544587797390142 0.1877728252011334 0.9992076042913773 0.1709792308505454 0.8672069235274581 0.0 0.426439503118499 0.783700886208689 0.0 0.32849768923764455 0.4404431437996421 0.0 0.6696877235329814 0.5980232482327771 0.7554709781245422 0.9254162321850854 0.10822248691128322 0.015305268993080563 0.15216222486145403 1.0 0.22374642211712642 0.9190522922980984 0.5570037603148158 0.5281889758994217 0.35620073999523 0.5157894527315738 0.3969420910944521 0.061450196041041905 0.3196422429765916 1.0 0.0 0.2918866714615941 0.794251765163313 0.7864853794737932 0.6210526101638357 1.0 0.015012210790839902 0.7276141763938497 0.24082221946110782 0.6496819114154784 0.0 0.9823897624937414 0.6130636070556661 0.6837736613040537 1.0 0.735793211673943 0.0 0.3236989651739498 0.9944589431935262 0.22504573563450492 0.0 0.9812955912473651 0.0 0.0 0.0 0.9044292297444689 1.0 1.0 0.2854650342335443 0.0054788754043346155 0.7612661393551137 1.0 0.04139509130818689 0.8776563326676737 0.9289268663389565 0.021113129094830436 0.11317360112824872 0.5026714290003939 0.0 0.9485645723829207 1.0 0.9363685472392516 0.041440100613833075 0.9265334420804816 0.6629541658303413 0.6632842195793569 1.0 0.6509175111319382 0.0 0.587619958446574 0.010535597996345415 0.9136760151651493 0.37502114295007016 0.0 0.48885598311253575 0.16984266026240405 
2 0.20490542513267715 0.07026248097492778 0.4158726692715597 0.12799384562866392 0.7585696499186247 0.36700691273876307 0.8727915356122715 0.8309973859708307 0.7203504472707292 0.04889486717282837 0.5101497565151762 0.6510232623631295 0.4260394640846794 0.9744122212351773 0.20245394108697926 0.07902504649053649 0.9489057742830865 0.24977938027134117 0.45191531358335235 0.6492916805485877 0.0 0.27689303769129736 0.3979475086094292 0.317224388203214 0.8915320778681023 0.8204942199107891 0.17529088485705624 0.9709950059008738 0.056580495042625606 0.050703399965805473 0.0021060769112279513 0.6717621496497791 1.0 9.399342482957426E-4 0.1019698280362561 1.0 0.6767260083072993 0.08476789969485392 0.6534758953749695 0.004556726248602316 0.7522422828135906 0.5711949662457915 0.25470483525366483 0.17559428114280073 0.4296477868593407 0.3580385621130486 0.44236419963050455 0.9810732033412968 0.3369269286078716 0.15226564420936448 0.48731810073264836 0.042960116072389365 0.9827427571465036 0.13789581810670787 0.9579399186411144 0.33691487216653465 0.26123255721370386 0.04090309406094809 0.6674475421404482 0.48300579024057255 0.20705237637509444 0.12506030313727146 1.0 0.0 0.4703230563691073 0.16209737805743799 0.21106186611907712 0.6775784512056492 0.8722258333191292 0.0 0.3035941160255512 0.2721699052960501 0.0 0.04369626900654471 0.8141250861997158 1.0 0.844283241189048 0.4291685339478737 0.7992105437087575 0.9826788334456045 0.34113772124908326 0.7194499802433469 0.8498056557127637 0.6666483150375648 0.0 0.39596315557851036 0.014148004056640691 0.0 0.979449081319315 0.09235505086137759 0.9667482450268092 0.39525557777718334 0.7684641500758982 0.03834986983997824 0.15777140681239799 0.6602405717584084 0.0 0.35485028170541477 0.6017390644340253 0.008715323783399937 0.4343987063285669 0.5269343592672209 0.6998963139199739 0.9597053587207083 0.01479732638218604 0.007468166269603069 0.24431716654198854 0.7492187322187074 0.26220150316497226 0.15816112800572577 0.8948443787899449 0.27400207157607154 0.08952342683791517 0.6565714529136605 0.1791751988964514 0.15742735022086252 0.11206189879271027 0.6241888069036005 0.0 0.3267436057031927 0.36897141316654 0.7633420260453514 1.0 1.0 0.01670376850254173 0.8682236231667424 0.4545420094468119 0.6006104122952688 0.0 0.9950884099910444 0.6335235352308025 0.6301320715851311 0.960111397384398 0.8423283192287695 0.05100073000050821 0.21661372750547062 0.9926874512092944 0.07494144095614493 0.0 0.9028209192841895 0.534730436408787 0.20766215854930195 0.0018187290387303434 0.76737053787714 0.9809663389504448 0.9054716715808475 0.3578423432007489 0.005138405054196554 0.7062218858100034 0.932780946659163 0.08549299780904779 0.8848568640394776 1.0 0.0 0.34999646105191 0.2185179793132214 0.11573646241188731 0.9367017156422759 0.85720127422186 0.7547775474298302 0.037210956837847975 1.0 0.45583615320865745 0.09053540358997678 0.9243203552667523 0.7791133425236016 0.11186769161193617 0.5308172793997806 0.0 0.884187331648222 0.3562557112472286 0.0 0.4942347022990018 0.06142500254029973 
2 0.0355546323984248 0.059691037725562446 0.5061860531157655 0.07581771980752805 0.7545763342728808 0.30460949977720164 0.8325704162879639 0.7373230938283721 0.5689340613137667 0.010851793444157029 0.5788459006153368 0.817671917022375 0.565917403836279 0.9418488325739174 0.40410800610363684 0.3392445783971148 1.0 0.08217232467431301 0.06407831196419872 0.1869872595599955 0.2841223609763194 0.2733040238944383 0.557467741879839 0.3800707205326217 0.7182019826140084 1.0 0.0 1.0 0.1523197192657385 0.12332443875685353 0.0010831993322706112 0.13415410584695192 0.5338448617555167 0.008242059689585336 0.004032180738380367 0.6994155301960345 0.8275493522743111 0.30593318992889296 0.22639204196257767 0.1733333175772513 0.6979638141356669 0.7493590253813842 0.10615214809133357 0.010279644833037657 0.7413290787412015 1.0 0.4804188893832083 0.3911575055889523 0.5420963612532121 0.21945241466532714 0.5544074242888041 0.03678390842201821 0.9955168511374732 0.15594068773600034 0.983214899954082 0.22563888323774084 0.021314595243458245 0.03367035601733671 0.5760208184041266 0.6543581722029737 0.0 0.7571871288510472 0.9690386387987825 0.0 0.7646530816873695 0.0 0.3711928831199262 0.057332385188200496 0.4700850707744364 0.0 0.4238492659143997 0.252109286701509 0.0354170492787563 0.31841880485427254 0.737552444248025 0.35405000553628735 0.8896296747203216 0.5299445574055859 0.9898192761751865 0.6624141729155151 0.7290051377589808 1.0 0.9412244503810986 0.6826905296133186 0.36699286071948795 0.23773829348264364 0.0 0.0 0.6350555366607551 0.0 0.9467196075473578 0.0 0.9507873368804535 0.0 0.9597731874668063 0.7933304018876481 0.0 0.5676827989422706 0.297650563879643 0.006431863149722291 0.564814478435491 0.5299248042689566 0.592052947533044 0.6095530843986339 0.1636621904093372 3.5908990274174934E-4 0.14748550668560256 0.7196653730537744 0.4680152987242104 0.1998041040161304 0.8012605732548755 0.2854680076081717 0.0 0.7549913440055357 0.41987303209444027 0.0 0.6535833003639026 0.08176059786576545 0.2856006855213514 0.0 0.015231178751471397 0.6046230050946956 1.0 0.5315920647407919 0.023860025885405763 0.993830106975681 0.27793238823199573 0.13689196356361208 0.0 1.0 0.7125922848497049 1.0 0.9862425783568709 1.0 0.0 0.010602591896355117 0.9949196375494362 0.20712594348023655 0.9004360046138516 0.7369722465742508 0.07716287445015495 0.8152414632498013 0.30013654694594866 0.8970736120418321 0.6967589715031459 0.6054071595897224 0.4274704223036485 1.0426871622649936E-5 0.8328506734391837 0.4090556754608136 0.0 1.0 0.9158313684931537 0.2999184619611804 0.35840932950818677 0.3725842415294733 0.24152829991299912 0.9426247542794369 0.29101239282356367 0.6352657122074958 0.0698317483532375 0.9265334420804816 1.0 0.20776065344929906 0.8774753454066675 0.7274309120983639 0.11399336214687356 0.8601283802131051 0.0 0.49500126754122614 0.523853695312394 0.020528766040597415 0.0 0.27520448527918245 
2 0.0355546323984248 0.0667721873613028 0.4158726692715597 0.07581771980752805 0.7545763342728808 0.25649325939596357 0.8325704162879639 0.7637367869090255 0.5510394029688227 0.03260607478664704 0.5578500769962034 0.8778133992614925 0.6462406860756171 0.9418488325739174 0.3993361346345726 0.3247125333685006 1.0 0.0 0.0 0.1869872595599955 0.2841223609763194 0.2733040238944383 0.557467741879839 0.3839324404278267 0.7182019826140084 1.0 0.0 1.0 0.1523197192657385 0.12332443875685353 0.0010831993322706112 0.13415410584695192 0.5338448617555167 0.008242059689585336 0.004032180738380367 0.6248714568790961 0.871076581383291 0.3251211746181756 0.22639204196257767 0.1733333175772513 0.6979638141356669 0.7493590253813842 0.2167734574973314 0.11000040076677334 0.7413290787412015 1.0 0.41602073635898984 0.3911575055889523 0.5420963612532121 0.12367781391941535 0.5544074242888041 0.03678390842201821 0.9955168511374732 0.15594068773600034 0.9679926127040318 0.3737875434124823 0.021314595243458245 0.03367035601733671 0.5760208184041266 0.6543581722029737 0.0 0.6326205135901425 0.9690386387987825 0.0 0.7646530816873695 0.0 0.3711928831199262 0.0 0.444301431959943 0.0 0.4238492659143997 0.252109286701509 0.0354170492787563 0.31841880485427254 0.6373301130578002 0.35405000553628735 0.8896296747203216 0.47294040626054 1.0 0.6624141729155151 0.7290051377589808 1.0 0.9509124104887081 0.6826905296133186 0.46041562212794507 0.23773829348264364 0.0 0.0 0.46683479850434534 0.0 0.9431704837795287 0.017743739948319626 1.0 0.0 0.9597731874668063 0.8246625751411314 0.0 0.5676827989422706 0.297650563879643 0.017207303004453153 0.564814478435491 0.5299248042689566 0.6626006203361496 0.6095530843986339 0.1636621904093372 3.5908990274174934E-4 0.14483369181387845 0.7196653730537744 0.43565732035684956 0.1429182183164623 1.0 0.2854680076081717 0.0 0.7549913440055357 0.41987303209444027 0.0 0.6535833003639026 0.0 0.2856006855213514 0.0 0.015231178751471397 0.5686283024321843 1.0 0.5815615762778242 0.023860025885405763 1.0 0.34688123846935154 0.13689196356361208 0.0 1.0 0.7431583481135118 1.0 0.9862425783568709 1.0 0.0 0.0 0.9949196375494362 0.14444341373551448 0.9004360046138516 0.6995660468103874 0.07716287445015495 0.796307910194943 0.29990920581610736 0.8550379306821367 0.6967589715031459 0.6975537047621803 0.5552601428420766 1.0426871622649936E-5 0.8328506734391837 0.4217385894078332 0.0 1.0 0.9158313684931537 0.2999184619611804 0.3460518358229971 0.3725842415294733 0.21660796999277776 0.9426247542794369 0.4015351390426346 0.6352657122074958 0.031611931970861665 0.9265334420804816 1.0 0.1494307714236458 0.8774753454066675 0.7274309120983639 0.11399336214687356 0.8601283802131051 0.0 0.549634363685187 0.523853695312394 0.020528766040597415 0.015574873347486973 0.27520448527918245 
2 0.1654079345916551 0.07026248097492778 0.4158726692715597 0.1867074136412953 0.7921656685873564 0.36700691273876307 0.8727915356122715 0.8309973859708307 0.8310050923175261 0.04889486717282837 0.18743038675620638 0.6510232623631295 0.4260394640846794 0.9594753550446526 0.2710629628278749 0.07902504649053649 0.9489057742830865 0.24977938027134117 0.45191531358335235 0.5751817015683786 0.002517794869817444 0.27689303769129736 0.3979475086094292 0.317224388203214 0.8915320778681023 0.8204942199107891 0.17529088485705624 0.9709950059008738 0.056580495042625606 0.050703399965805473 0.0021060769112279513 0.6717621496497791 1.0 0.0010742105694808487 0.1019698280362561 0.8706123926915523 0.6674342715908468 0.1116393103722706 0.8452348220744809 0.004556726248602316 0.7915084967480013 0.5711949662457915 0.25470483525366483 0.09048452128091172 0.3726952206052674 0.2519544981869689 0.43095269899844874 1.0 0.3369269286078716 0.32989220662286955 0.48731810073264836 0.04013000416068971 0.9818511238754669 0.21907827178313036 0.9754852336825421 0.33691487216653465 0.26123255721370386 0.03523303051548021 0.9919548166180041 0.552211476692625 0.20705237637509444 0.12506030313727146 1.0 0.0 0.505852890047511 0.2664433393760744 0.21106186611907712 0.6775784512056492 0.9109359926930893 0.0 0.3035941160255512 0.2721699052960501 0.0 0.10190533738383303 0.8141250861997158 1.0 0.8505612772113409 0.4291685339478737 0.7992105437087575 0.8834206587908624 0.34113772124908326 0.4914372904151847 0.8181086646931399 0.6692835394161488 0.0 0.5371653875015374 0.0 0.0 0.979449081319315 0.1596786601529948 0.9667482450268092 0.39525557777718334 0.6955742753159841 0.03834986983997824 0.0 0.6207948411875953 0.0 0.36395835071802546 0.5913519886450032 0.007831613864923936 0.6731549093313135 0.5269343592672209 0.6998963139199739 0.9597053587207083 0.01479732638218604 0.007468166269603069 0.24431716654198854 0.6696412445939888 0.4090413773021718 0.33282712295289957 1.0 0.27400207157607154 0.0 0.7321627074853662 0.06661638899691884 0.15742735022086252 0.02053176264375628 0.5628954925874724 0.0 0.3267436057031927 0.41958019004814245 0.7633420260453514 1.0 1.0 0.01670376850254173 0.8897322865114063 0.513262465250722 0.39996130053920154 0.0 0.9950884099910444 0.8269917317029695 0.6301320715851311 0.9342609809337106 0.8123002662413983 0.05100073000050821 0.054764244918495714 0.9926874512092944 0.09141946223715473 0.016206564707292315 0.9028209192841895 0.534730436408787 0.4290615405010184 0.0018187290387303434 0.6913892172551267 0.9656792998084318 0.8699488812205363 0.0 0.0 0.7062218858100034 0.8669101942728508 0.08549299780904779 0.9210137565531427 1.0 0.08585866781489737 0.34999646105191 0.2185179793132214 0.11573646241188731 0.9367017156422759 0.8188623336096339 0.6139655480480894 0.048315813130655166 1.0 0.523678589094004 0.21633500138076278 0.8634669670151163 0.8101237050225362 0.2033141400338096 0.5160785840919093 0.0 0.7858120849835311 0.6687451397721935 0.0 0.4942347022990018 0.06142500254029973 
2 0.18970651471728103 0.08873715908726454 0.4158726692715597 0.1867074136412953 0.7685089713923452 0.14212540716851713 0.8727915356122715 0.8309973859708307 0.8310050923175261 0.04889486717282837 0.0 0.6510232623631295 0.24187798357510804 0.9388501715448493 0.18117119547025567 0.0 0.9489057742830865 0.3919297228406069 0.45191531358335235 0.6123377795940279 0.002517794869817444 0.27689303769129736 0.44692364840930965 0.3448346362229047 0.8915320778681023 0.8204942199107891 0.3186854487315769 0.9848950447574794 0.056580495042625606 0.050703399965805473 0.00301871023942673 0.6717621496497791 1.0 0.0010742105694808487 0.1865925203846796 0.984309114066722 0.574886114293528 0.1116393103722706 1.0 0.008828500966358916 0.7803883679677517 0.5711949662457915 0.25470483525366483 0.09048452128091172 0.3726952206052674 0.0 0.599095168420854 1.0 0.3369269286078716 0.32989220662286955 0.48731810073264836 0.04013000416068971 1.0 0.21907827178313036 0.9872333909957893 0.17340018684336939 0.26123255721370386 0.012252005889621616 0.9919548166180041 0.552211476692625 0.2617137752891312 0.0 1.0 0.0 0.24980833612201964 0.3236451854682563 0.2558158162217591 1.0 0.9109359926930893 0.0 0.3035941160255512 0.3737283748645173 0.0 0.10190533738383303 0.8141250861997158 1.0 0.8102095414974039 0.2518049047685541 0.6657399166959188 1.0 0.34113772124908326 0.21382674928607193 0.6825725326678027 0.6692835394161488 0.0 0.16687394832911567 0.0 0.0 0.979449081319315 0.19531766961489444 1.0 0.45181061762961044 0.6955742753159841 0.06302462287471108 0.0 0.5666011768711938 0.0 0.26071971216166 0.5913519886450032 0.0 1.0 0.5269343592672209 0.7120810184457205 0.9597053587207083 0.01479732638218604 0.010451844135186806 0.24431716654198854 0.6013845086885214 0.4090413773021718 0.33282712295289957 1.0 0.36201033547530836 0.0 0.7321627074853662 0.06661638899691884 0.2385254198443564 0.02053176264375628 0.5628954925874724 0.0 0.4768575195837168 0.44907845011824893 1.0 1.0 1.0 0.01670376850254173 0.8897322865114063 0.49637273002824156 0.39996130053920154 0.0 0.9908858705460499 0.8893261144696759 0.6301320715851311 0.9342609809337106 0.8123002662413983 0.05100073000050821 0.02132238579266267 0.9903582780890563 0.06299904990864852 0.016206564707292315 1.0 0.7660941796387837 0.4290615405010184 0.0018187290387303434 0.6913892172551267 0.9805207848106302 0.8699488812205363 0.0 0.0 0.7062218858100034 0.8669101942728508 0.12784206637504603 0.9024338954308276 1.0 0.10823232188427778 0.5635740143620858 0.16399012916364245 0.11573646241188731 0.9367017156422759 0.8188623336096339 0.6139655480480894 0.048315813130655166 0.9632667210402408 0.5828041753304473 0.2573481470087787 0.8634669670151163 0.7316769107371379 0.34272100159196744 0.5160785840919093 0.0 0.7858120849835311 0.9139136117606728 0.0 0.8197521602981259 0.011121158285866836 
2 0.18970651471728103 0.08873715908726454 0.4158726692715597 0.1867074136412953 0.7685089713923452 0.14212540716851713 0.8727915356122715 0.8309973859708307 0.8310050923175261 0.04889486717282837 0.0 0.6510232623631295 0.24187798357510804 0.9388501715448493 0.18117119547025567 0.0 0.9489057742830865 0.3919297228406069 0.45191531358335235 0.6123377795940279 0.002517794869817444 0.27689303769129736 0.44692364840930965 0.3448346362229047 0.8915320778681023 0.8204942199107891 0.3186854487315769 0.9848950447574794 0.056580495042625606 0.050703399965805473 0.00301871023942673 0.6717621496497791 1.0 0.0010742105694808487 0.1865925203846796 0.984309114066722 0.574886114293528 0.1116393103722706 1.0 0.008828500966358916 0.7803883679677517 0.5711949662457915 0.25470483525366483 0.09048452128091172 0.3726952206052674 0.0 0.599095168420854 1.0 0.3369269286078716 0.32989220662286955 0.48731810073264836 0.04013000416068971 1.0 0.21907827178313036 0.9872333909957893 0.17340018684336939 0.26123255721370386 0.012252005889621616 0.9919548166180041 0.552211476692625 0.2617137752891312 0.0 1.0 0.0 0.24980833612201964 0.3236451854682563 0.2558158162217591 1.0 0.9109359926930893 0.0 0.3035941160255512 0.3737283748645173 0.0 0.10190533738383303 0.8141250861997158 1.0 0.8102095414974039 0.2518049047685541 0.6657399166959188 1.0 0.34113772124908326 0.21382674928607193 0.6825725326678027 0.6692835394161488 0.0 0.16687394832911567 0.0 0.0 0.979449081319315 0.19531766961489444 1.0 0.45181061762961044 0.6955742753159841 0.06302462287471108 0.0 0.5666011768711938 0.0 0.26071971216166 0.5913519886450032 0.0 1.0 0.5269343592672209 0.7120810184457205 0.9597053587207083 0.01479732638218604 0.010451844135186806 0.24431716654198854 0.6013845086885214 0.4090413773021718 0.33282712295289957 1.0 0.36201033547530836 0.0 0.7321627074853662 0.06661638899691884 0.2385254198443564 0.02053176264375628 0.5628954925874724 0.0 0.4768575195837168 0.44907845011824893 1.0 1.0 1.0 0.01670376850254173 0.8897322865114063 0.49637273002824156 0.39996130053920154 0.0 0.9908858705460499 0.8893261144696759 0.6301320715851311 0.9342609809337106 0.8123002662413983 0.05100073000050821 0.02132238579266267 0.9903582780890563 0.06299904990864852 0.016206564707292315 1.0 0.7660941796387837 0.4290615405010184 0.0018187290387303434 0.6913892172551267 0.9805207848106302 0.8699488812205363 0.0 0.0 0.7062218858100034 0.8669101942728508 0.12784206637504603 0.9024338954308276 1.0 0.10823232188427778 0.5635740143620858 0.16399012916364245 0.11573646241188731 0.9367017156422759 0.8188623336096339 0.6139655480480894 0.048315813130655166 0.9632667210402408 0.5828041753304473 0.2573481470087787 0.8634669670151163 0.7316769107371379 0.34272100159196744 0.5160785840919093 0.0 0.7858120849835311 0.9139136117606728 0.0 0.8197521602981259 0.011121158285866836 
2 0.09537177624350907 0.0926215278318659 0.5939195851654376 0.1867074136412953 0.7076673844994397 0.11997146429895986 0.9058286434075886 0.8247355548962403 0.7952157756276381 0.05461839144285112 0.19928516744845814 0.7399108933963437 0.427232422911859 0.9709501504541433 0.21258463430123287 0.0874217341271881 1.0 0.20273366121537623 0.25855297208280115 0.2044495844922738 0.003776692304726166 0.2589059082374362 0.3873265570988416 0.3177792660851768 0.8372981168021534 0.8204942199107891 0.28678912774904136 0.9770985344305538 0.056580495042625606 0.08262528254250198 0.0023166846023507464 0.5794425694248593 0.898954968949953 0.0013427632118510609 0.14375292768778297 1.0 0.6674342715908468 0.1256556514588563 0.43914540960483084 0.04260619357387435 0.7425133508878625 0.8006992693104913 0.2193937596676731 0.0 0.4003292115010322 0.38458554054661687 0.39568323646656145 0.7542513133165909 0.47083306149395165 0.2619062898771628 0.4437847110179317 0.049877255332386246 1.0 0.2222994393772436 0.9754852336825421 0.2420056415027649 0.26123255721370386 0.0 0.7605623585403558 0.5624184859273533 0.10797073309721168 0.0 0.8712133363867203 0.08506319242418292 0.5088691329189446 0.13010848065445724 0.14451986509521436 0.8645846847096821 0.9838122518232828 0.0 0.2524125702080649 0.2388210902159629 0.010823344333848904 0.26429359305949573 0.8719345978042662 1.0 0.8505612772113409 0.37083802975091146 0.7992105437087575 0.8921558574743224 0.5270893353271167 0.7151686254509393 0.7289277359493256 0.6692835394161488 0.0 0.2594171216551565 0.009977220432403181 1.312192316983514E-4 0.979449081319315 0.0 0.9636258184323125 0.31814742497957976 0.8060587991224567 0.057524804759967366 0.046882421683999614 0.7096547808810659 0.0 0.36395835071802546 0.42598783082621394 0.01005933260214397 0.6731549093313135 0.5986679780764368 0.7952381622018577 0.9378793086778539 0.0 0.006288403271952098 0.21541523392761946 0.5073626422226685 0.4090413773021718 0.0 0.9484329141950107 0.27400207157607154 0.0 0.509178158590516 0.07258894852177397 0.12283930169177215 0.0 0.3475238741715231 0.0 0.3267436057031927 0.41958019004814245 0.7633420260453514 1.0 1.0 0.021474047076121588 0.9534444977248536 0.4376765685681941 0.39996130053920154 0.0 1.0 0.7018642036748928 0.5510168982868292 0.7751504475298995 0.9586712280769093 0.010495812256650208 0.054764244918495714 0.9950230149457109 0.06043057787050271 0.3478702047637423 0.9050599829310968 0.4410634677433757 0.38909129454965835 0.0018187290387303434 0.7980461006953209 0.747809825769524 0.8699488812205363 0.0 0.0 0.7998595802603627 0.8506366926371267 0.08469813713199648 0.9707811271111749 1.0 0.04732689216891658 0.34999646105191 0.4494999200685374 0.13230662589073863 0.9688851374876732 0.7388249384222944 0.7614605148620219 0.048315813130655166 0.9265334420804816 0.5239321164670001 0.0 0.8370094326696678 0.8624521953364579 0.20933019834453365 0.5160785840919093 0.0 0.7275723283978355 0.2922992372515572 0.0 0.4942347022990018 0.06142500254029973 
2 0.0355546323984248 0.0673494840171958 0.4158726692715597 0.1262715741920612 0.7545763342728808 0.25649325939596357 0.8325704162879639 0.7637367869090255 0.5510394029688227 0.03260607478664704 0.836775115494305 0.9366543664426691 0.6549719468265454 0.9357228396798576 0.4634727205379215 0.3247125333685006 1.0 0.0 0.0 0.1422397795802336 0.331544885935282 0.277325168632941 0.6308509156174318 0.4290419772505193 0.7182019826140084 1.0 0.0 0.9982144010555254 0.20018933137729494 0.14651997158159588 7.823682339147362E-4 0.0 0.5338448617555167 0.01182598424963758 0.004032180738380367 0.6248714568790961 0.9705837728290456 0.3251211746181756 0.003107282539195233 0.20084096923881892 0.6007950878404861 0.7903946505244567 0.2167734574973314 0.11000040076677334 0.7413290787412015 0.9911499582564294 0.42618948630520403 0.209610601725133 0.5420963612532121 0.020570617567688243 0.5544074242888041 0.03678390842201821 1.0 0.09642174443560891 0.9758130869325512 0.3737875434124823 0.0 0.04026393774144289 0.45936784233393485 0.6130941434205797 0.0 0.6326205135901425 0.9690386387987825 0.0 0.7646530816873695 0.0 0.47494326347322724 0.0 0.444301431959943 0.0 0.4238492659143997 0.3051670923953111 0.0354170492787563 0.3783938317136436 0.5449937815426729 0.35405000553628735 0.9009097708200791 0.42754130083946484 1.0 0.6624141729155151 0.6019417441685423 1.0 0.9509124104887081 0.6826905296133186 0.46041562212794507 0.27988176604399523 0.0 0.0 0.2688688063600635 0.0 0.9396448345925097 0.0 1.0 0.0 1.0 0.8246625751411314 0.0 0.5676827989422706 0.23348193040635754 0.025043504374311097 0.564814478435491 0.5299248042689566 0.6626006203361496 0.4143296265979508 0.2012940837626301 3.5908990274174934E-4 0.13752880856418698 0.7507018397372356 0.44896529188418843 0.0736657549846115 1.0 0.2987348124153009 0.0 0.7549913440055357 0.6298095481416603 0.0 0.9345101537658249 0.0 0.27249962483204065 0.031789082941992994 0.0 0.5686283024321843 1.0 0.5815615762778242 0.023860025885405763 1.0 0.34688123846935154 0.011979523718943522 0.0 1.0 0.7431583481135118 1.0 1.0 1.0 0.0 0.0 0.994752826294885 0.14444341373551448 1.0 0.6037529385050175 0.0 0.9350429773613724 0.44895444420479586 0.9104040607302266 0.6967589715031459 0.6603058902077936 0.5552601428420766 0.0 0.8314567501936301 0.20295408067039153 0.0 1.0 0.9158313684931537 0.3966998567930577 0.3712055119448121 0.37196054344414886 0.21660796999277776 0.9294945626753188 0.14670944260024726 0.6352657122074958 0.031611931970861665 0.9265334420804816 1.0 0.1494307714236458 0.9623502859169945 0.7274309120983639 0.11399336214687356 1.0 0.0 0.49544713183165917 0.5568172092858608 0.020528766040597415 0.0 0.27520448527918245 
2 0.0355546323984248 0.0673494840171958 0.4158726692715597 0.1262715741920612 0.7545763342728808 0.25649325939596357 0.8325704162879639 0.7637367869090255 0.5510394029688227 0.03260607478664704 0.836775115494305 0.9366543664426691 0.6549719468265454 0.9357228396798576 0.4634727205379215 0.3247125333685006 1.0 0.0 0.0 0.1422397795802336 0.331544885935282 0.277325168632941 0.6308509156174318 0.4290419772505193 0.7182019826140084 1.0 0.0 0.9982144010555254 0.20018933137729494 0.14651997158159588 7.823682339147362E-4 0.0 0.5338448617555167 0.01182598424963758 0.004032180738380367 0.6248714568790961 0.9705837728290456 0.3251211746181756 0.003107282539195233 0.20084096923881892 0.6007950878404861 0.7903946505244567 0.2167734574973314 0.11000040076677334 0.7413290787412015 0.9911499582564294 0.42618948630520403 0.209610601725133 0.5420963612532121 0.020570617567688243 0.5544074242888041 0.03678390842201821 1.0 0.09642174443560891 0.9758130869325512 0.3737875434124823 0.0 0.04026393774144289 0.45936784233393485 0.6130941434205797 0.0 0.6326205135901425 0.9690386387987825 0.0 0.7646530816873695 0.0 0.47494326347322724 0.0 0.444301431959943 0.0 0.4238492659143997 0.3051670923953111 0.0354170492787563 0.3783938317136436 0.5449937815426729 0.35405000553628735 0.9009097708200791 0.42754130083946484 1.0 0.6624141729155151 0.6019417441685423 1.0 0.9509124104887081 0.6826905296133186 0.46041562212794507 0.27988176604399523 0.0 0.0 0.2688688063600635 0.0 0.9396448345925097 0.0 1.0 0.0 1.0 0.8246625751411314 0.0 0.5676827989422706 0.23348193040635754 0.025043504374311097 0.564814478435491 0.5299248042689566 0.6626006203361496 0.4143296265979508 0.2012940837626301 3.5908990274174934E-4 0.13752880856418698 0.7507018397372356 0.44896529188418843 0.0736657549846115 1.0 0.2987348124153009 0.0 0.7549913440055357 0.6298095481416603 0.0 0.9345101537658249 0.0 0.27249962483204065 0.031789082941992994 0.0 0.5686283024321843 1.0 0.5815615762778242 0.023860025885405763 1.0 0.34688123846935154 0.011979523718943522 0.0 1.0 0.7431583481135118 1.0 1.0 1.0 0.0 0.0 0.994752826294885 0.14444341373551448 1.0 0.6037529385050175 0.0 0.9350429773613724 0.44895444420479586 0.9104040607302266 0.6967589715031459 0.6603058902077936 0.5552601428420766 0.0 0.8314567501936301 0.20295408067039153 0.0 1.0 0.9158313684931537 0.3966998567930577 0.3712055119448121 0.37196054344414886 0.21660796999277776 0.9294945626753188 0.14670944260024726 0.6352657122074958 0.031611931970861665 0.9265334420804816 1.0 0.1494307714236458 0.9623502859169945 0.7274309120983639 0.11399336214687356 1.0 0.0 0.49544713183165917 0.5568172092858608 0.020528766040597415 0.0 0.27520448527918245 
2 0.01616460467357446 0.038746659839827974 0.7399307071936927 0.021292822908774052 0.7188643146122031 0.0 0.8985045389664078 0.8790957192628833 0.5951252412528307 0.1868729259924406 0.9739628030973446 0.8776937885436105 0.19890342450165618 0.8976900330843913 0.1374658040096701 0.32049167440016085 1.0 0.04079375217496413 0.0 0.0 0.03067781245998699 0.27113657671263114 0.38830843902249473 0.3490114076391274 0.6400497442605596 0.9376442719410121 0.020982228310891998 1.0 0.14249201529452868 0.0563514183844901 0.0018302070615947219 0.5627450988048184 0.2999429108834647 0.024073945359252714 0.015686955164834912 0.7986353537636328 0.7579073777101224 0.2477330318373171 0.5718140269584664 0.03185637719318621 0.6155861542322891 0.8449491493532493 0.22093997862713036 0.0 0.6300258507534439 1.0 0.48821226057843 0.17693337895952144 0.8189871275424356 0.12700066679384578 0.5351056721557801 0.06837903237903666 0.744073057484077 0.09439046525559446 0.9816533354443071 0.3847492605375694 0.31468433277307584 0.0 0.45877321881753846 0.6824804490783885 0.0 0.6673160786923105 0.8239607541804864 0.4728625705213694 0.7131500773670123 0.0 0.14107502560159074 0.29768073830687714 0.49060557942932975 0.0 0.3446202074875899 0.09196951094778498 0.03832074326013366 0.40351638033521253 0.702150203759681 0.3806042463433013 0.9455231160397957 0.35749374922358323 1.0 0.7810361777329562 0.7801646233240159 1.0 0.8009574566872573 0.936464759973545 0.0 0.8346827503047136 0.0 1.8996617932895302E-4 0.2538456785885759 0.0 0.9761499761921932 0.21732203816413478 0.9325045738068638 0.07477978739708052 0.8600983351571502 0.783829122189039 0.0 0.5353132173705002 0.3079097417000307 0.005534425583392051 0.0 0.5711837572750523 0.7093893379992107 0.547529593371394 0.09722073466862331 0.0024777928391524827 0.2411063760061899 0.5313815459945285 0.2684947624006613 0.0 1.0 0.20625769088668772 0.11839450915455094 0.7029251169739567 0.16076828539526938 0.0 0.0 0.21038193798547394 0.6335984722618934 0.0 0.14682068908435952 0.5367633463657443 0.9754893141582098 0.2144288493599621 0.02884126558719033 1.0 0.3091816155070592 0.24167914948030222 0.0 1.0 0.7936436185246665 0.7838683530658372 0.7062332978990374 0.6271636119578372 0.07343670102144695 0.0 0.9973448906114775 0.3144703733763371 0.9288476488756248 0.8252853721999072 0.17334604867040249 0.2898110566422002 0.23364342873781474 0.8628668002599563 0.8571486047633621 0.9267164322002697 0.4888411178462876 0.0 0.8711240494111728 0.6689244781624182 0.11546834112051413 0.9602584587232024 0.8499836218457644 0.2616805762336316 0.049429974740758664 0.3800951869343777 0.04980130292517532 1.0 0.381127235628475 0.8779858863488131 0.055603570947681334 0.9216362273421692 0.5810734342612298 0.42498466898128884 0.6227960261528734 0.7926144655069269 0.0 0.9004688999579734 0.0052677989981727074 0.5777054667300814 0.0 0.020528766040597415 0.05923477973940311 0.22934491029811765 
2 0.09462626808973128 0.07026248097492778 0.4158726692715597 0.1867074136412953 0.7921656685873564 0.24010274195973239 0.8917390857076826 0.8440498994372824 0.7952157756276381 0.04889486717282837 0.18743038675620638 0.7601314648991393 0.4260394640846794 0.9694005455746912 0.2710629628278749 0.07902504649053649 1.0 0.24977938027134117 0.25855297208280115 0.4168587337080845 0.002517794869817444 0.27689303769129736 0.3979475086094292 0.36247550633978715 0.8915320778681023 0.8204942199107891 0.17529088485705624 0.9709950059008738 0.056580495042625606 0.07382437186254817 0.001825266656397558 0.6717621496497791 1.0 0.0010742105694808487 0.1019698280362561 0.8756906104705598 0.6674342715908468 0.1116393103722706 0.6729615608093426 0.02632077206432298 0.8016000638365478 0.8006992693104913 0.25470483525366483 0.09048452128091172 0.3726952206052674 0.38458554054661687 0.39568323646656145 0.7542513133165909 0.3369269286078716 0.32989220662286955 0.48731810073264836 0.04013000416068971 0.9818511238754669 0.21907827178313036 0.9754852336825421 0.43409716914469376 0.26123255721370386 0.02159270856350222 0.7605623585403558 0.5624184859273533 0.20705237637509444 0.12506030313727146 0.8636211986727259 0.08506319242418292 0.505852890047511 0.13010848065445724 0.14451986509521436 0.6775784512056492 0.7743937902744216 0.0 0.2914142281614329 0.2721699052960501 0.0111358058116739 0.1682344686739594 0.7231732402231155 0.896233559352738 0.8505612772113409 0.4291685339478737 0.7992105437087575 0.7634037389161086 0.49174642563824605 0.4914372904151847 0.8181086646931399 0.6692835394161488 0.0 0.5371653875015374 0.0 1.7060633548067212E-4 0.979449081319315 0.022559701308417113 0.9667482450268092 0.3782667190422564 0.8060587991224567 0.03834986983997824 0.046882421683999614 0.7096547808810659 0.0 0.36395835071802546 0.42598783082621394 0.007831613864923936 0.6731549093313135 0.5269343592672209 0.7952381622018577 0.9597053587207083 0.01479732638218604 0.006079882529920435 0.24431716654198854 0.6575924396868521 0.4090413773021718 0.04615247447382892 0.9484329141950107 0.27400207157607154 0.0 0.6596317658029498 0.06661638899691884 0.15742735022086252 0.0 0.5628954925874724 0.0 0.3267436057031927 0.41958019004814245 0.7633420260453514 1.0 1.0 0.01670376850254173 0.9534444977248536 0.513262465250722 0.39996130053920154 0.0 0.9950884099910444 0.7735034847597657 0.636355457772908 0.7971321638787416 0.7747564326453732 0.04017554541407116 0.054764244918495714 0.9946828064377106 0.08030144185379548 0.4127753942212332 0.9031200029579404 0.4410634677433757 0.4290615405010184 0.0018187290387303434 0.7456058716234815 0.8519845449926458 0.8699488812205363 0.024738192062663034 0.006938973997787909 0.7998595802603627 0.8669101942728508 0.051865179981136746 0.9682366025767799 1.0 0.08585866781489737 0.34999646105191 0.37383163770012207 0.13230662589073863 0.9688851374876732 0.7388249384222944 0.6358219267038177 0.048315813130655166 0.9265334420804816 0.5239321164670001 0.15543725115865742 0.8634669670151163 0.8101237050225362 0.2033141400338096 0.5160785840919093 0.0 0.7858120849835311 0.45792666736546045 0.0 0.4942347022990018 0.06142500254029973 
2 0.01664069872270547 0.07718836647014438 0.6875 0.07581771980752805 0.7578478664215501 0.1920186092133337 0.8431853303807736 0.7637367869090255 0.5510394029688227 0.0896241638846092 0.5578500769962034 0.9980862285138856 0.662737916922739 0.9418488325739174 0.29415640006275723 0.3976611637756282 1.0 0.0 0.0 0.1869872595599955 0.0 0.2733040238944383 0.4287461596041338 0.3839324404278267 0.6457599684072817 0.9959726757365446 0.0 1.0 0.15679311247389752 0.12332443875685353 0.0011558720985767915 0.13415410584695192 0.46724597379542954 0.008242059689585336 0.004032180738380367 0.5814906103902289 0.871076581383291 0.27356729527950074 0.22639204196257767 0.0947259799875762 0.7119531727202963 0.7493590253813842 0.447938448998216 0.11000040076677334 0.7413290787412015 1.0 0.44866465697290997 0.0 0.5254824645380873 0.12367781391941535 0.5544074242888041 0.03678390842201821 0.9955168511374732 0.15542825219259332 0.9679926127040318 0.4504490790632947 0.16364638823492306 0.03367035601733671 0.5760208184041266 0.7490155943762806 0.0 0.6988435715058885 0.9690386387987825 0.19195403141805112 0.8129483739951034 0.0 0.25573526017287873 0.0 0.444301431959943 0.0 0.38189665023207203 0.252109286701509 0.0354170492787563 0.31841880485427254 0.6373301130578002 0.35405000553628735 0.8896296747203216 0.4889571676638179 1.0 0.6624141729155151 1.0 1.0 0.9509124104887081 0.619560598526248 0.46041562212794507 0.6074722490466 0.0 0.0 0.14322527649801015 0.0 0.9581118273348899 0.017743739948319626 1.0 0.0 1.0 0.8246625751411314 0.0 0.583587372171148 0.31639983827292273 0.017207303004453153 0.3039811966727203 0.5299402868438314 0.6626006203361496 0.48607854234715175 0.1636621904093372 3.5908990274174934E-4 0.14483369181387845 0.7196653730537744 0.46747545560216375 0.1429182183164623 1.0 0.2854680076081717 0.1395256555331472 0.7641867669748708 0.6698730320944403 0.0 0.6535833003639026 0.0 0.341306421422514 0.0 0.10261681063868283 0.5686283024321843 0.801617334524983 0.5815615762778242 0.02640267346854465 1.0 0.41089783398762997 0.13689196356361208 0.0 1.0 0.7431583481135118 1.0 0.89585485901655 0.8632748199332545 0.0 0.0 0.9968011706987803 0.14444341373551448 0.9004360046138516 0.6995660468103874 0.07716287445015495 0.5668921652107102 0.29990920581610736 0.7784326204481288 0.7181268557651272 0.8177222067563161 0.8604393043359071 1.0426871622649936E-5 0.8328506734391837 0.6537566950655309 0.0 1.0 0.9158313684931537 0.2999184619611804 0.14018894686309205 0.40568286774005136 0.23989513623639724 0.967121217584307 0.4132062993311378 0.6352657122074958 0.06455955995936527 0.9265334420804816 0.9043283809540842 0.1494307714236458 0.8163965272540852 0.7274309120983639 0.042345418313692956 0.8601283802131051 0.0 0.549634363685187 0.2954008467574391 0.020528766040597415 0.015574873347486973 0.27520448527918245 
2 0.15097087970466216 0.0 0.4182546614568806 0.1537685065101988 0.9060205951137147 0.5130562756357904 0.9693944177735994 0.8324326720527955 0.930241793830185 0.32187626524092455 0.5012651682950418 0.9306044296282396 0.3395720436685166 1.0 0.0 0.04386951224406498 1.0 0.07490963096630174 0.0 0.18461947884382057 0.001258897434908722 0.266457462890454 0.42582985993073696 0.36892423104488625 1.0 0.8004675417098052 0.4862794620008292 1.0 0.06485339993003816 0.1836489415011528 3.2345175584835156E-4 0.873122543590455 1.0 0.0 0.0 0.7618566595276133 0.7238339672555302 0.12068137370113097 0.1789844705030783 0.03466609095109941 0.509542055108237 0.23213911195878395 0.3867836806039585 0.4784127305190393 0.0 0.0 0.659183919543289 1.0 0.17374827463903303 0.1018062092492846 0.6448552045542618 0.012088272963997664 0.6931411084180701 0.0 0.911248719659403 0.4427320337970822 0.06232012706209028 0.0 1.0 0.060127607606620975 0.25831630652214765 0.3787843643064958 1.0 0.0 0.43479288468462435 0.0 0.13876567833200107 0.534850467450295 1.0 0.0 0.3665738106327693 0.21812718010654014 0.03160268064678482 0.6530965371744384 0.7572697555838375 1.0 1.0 0.10125077770185431 0.7797231891099068 0.7277869009025395 0.9461198926402408 0.7374938940512354 0.663531874261829 0.4476448366107794 0.08529960104305112 0.22401127104050284 0.0 0.08277268413605265 0.7357186304145636 0.11534287941784813 0.9940374940480483 0.5401136697862522 0.8333927909446854 0.05078082383543679 0.0700654055848452 0.7532779192885624 0.0 0.06118391989502253 0.4306259195746974 0.028605658876889276 0.8450646509131388 0.4706809756374435 1.0 0.8756494758476048 0.07996435579035942 0.01077612188051579 0.24175142346434358 0.9295975430934902 0.0 0.0 0.9403159741296272 0.5189298064970677 0.1944577728667343 0.46019364850727046 0.04991704076160626 0.02978583286189168 0.07764434063966735 0.8002820938796734 0.01125907177626119 0.015702247252094237 0.03578602651364396 0.9689665916057038 0.9400388991886852 0.6911890295694532 0.021686782302710393 0.8034953383817341 0.0 0.07578880631792884 0.0 0.9928042602526611 0.9021807721962314 0.6489073781951594 1.0 0.97492291123205 0.0 0.9433200263151634 0.9937163004685448 0.17295439533154677 0.1485131315388054 1.0 0.33849576387886043 0.08803348036609537 0.0 0.8391188565662953 0.8675214316727444 0.7679572070084474 1.0 0.0 0.6792088206168261 0.9761694052007331 0.0 0.8421287133000612 0.8261699049855429 0.0809361634137416 0.0 0.36466435294680144 0.04850377637071157 0.8741919999170292 0.829541120837472 1.0 0.07023819238467306 0.9501226649306068 0.4136528123059248 0.213314415419229 1.0 0.6515599625428745 0.2129550725416887 0.6435143287508294 0.0 0.5557445057667842 0.302628250768894 0.0 0.7252541452874108 0.21199369144219038 
2 0.15097087970466216 0.0 0.4182546614568806 0.1537685065101988 0.9060205951137147 0.5130562756357904 0.9693944177735994 0.8324326720527955 0.930241793830185 0.32187626524092455 0.5012651682950418 0.9306044296282396 0.3395720436685166 1.0 0.0 0.04386951224406498 1.0 0.07490963096630174 0.0 0.18461947884382057 0.001258897434908722 0.266457462890454 0.42582985993073696 0.36892423104488625 1.0 0.8004675417098052 0.4862794620008292 1.0 0.06485339993003816 0.1836489415011528 3.2345175584835156E-4 0.873122543590455 1.0 0.0 0.0 0.7618566595276133 0.7238339672555302 0.12068137370113097 0.1789844705030783 0.03466609095109941 0.509542055108237 0.23213911195878395 0.3867836806039585 0.4784127305190393 0.0 0.0 0.659183919543289 1.0 0.17374827463903303 0.1018062092492846 0.6448552045542618 0.012088272963997664 0.6931411084180701 0.0 0.911248719659403 0.4427320337970822 0.06232012706209028 0.0 1.0 0.060127607606620975 0.25831630652214765 0.3787843643064958 1.0 0.0 0.43479288468462435 0.0 0.13876567833200107 0.534850467450295 1.0 0.0 0.3665738106327693 0.21812718010654014 0.03160268064678482 0.6530965371744384 0.7572697555838375 1.0 1.0 0.10125077770185431 0.7797231891099068 0.7277869009025395 0.9461198926402408 0.7374938940512354 0.663531874261829 0.4476448366107794 0.08529960104305112 0.22401127104050284 0.0 0.08277268413605265 0.7357186304145636 0.11534287941784813 0.9940374940480483 0.5401136697862522 0.8333927909446854 0.05078082383543679 0.0700654055848452 0.7532779192885624 0.0 0.06118391989502253 0.4306259195746974 0.028605658876889276 0.8450646509131388 0.4706809756374435 1.0 0.8756494758476048 0.07996435579035942 0.01077612188051579 0.24175142346434358 0.9295975430934902 0.0 0.0 0.9403159741296272 0.5189298064970677 0.1944577728667343 0.46019364850727046 0.04991704076160626 0.02978583286189168 0.07764434063966735 0.8002820938796734 0.01125907177626119 0.015702247252094237 0.03578602651364396 0.9689665916057038 0.9400388991886852 0.6911890295694532 0.021686782302710393 0.8034953383817341 0.0 0.07578880631792884 0.0 0.9928042602526611 0.9021807721962314 0.6489073781951594 1.0 0.97492291123205 0.0 0.9433200263151634 0.9937163004685448 0.17295439533154677 0.1485131315388054 1.0 0.33849576387886043 0.08803348036609537 0.0 0.8391188565662953 0.8675214316727444 0.7679572070084474 1.0 0.0 0.6792088206168261 0.9761694052007331 0.0 0.8421287133000612 0.8261699049855429 0.0809361634137416 0.0 0.36466435294680144 0.04850377637071157 0.8741919999170292 0.829541120837472 1.0 0.07023819238467306 0.9501226649306068 0.4136528123059248 0.213314415419229 1.0 0.6515599625428745 0.2129550725416887 0.6435143287508294 0.0 0.5557445057667842 0.302628250768894 0.0 0.7252541452874108 0.21199369144219038 
2 0.1025400574373822 0.1093927341405048 0.6442453385431194 0.12286454491873287 0.786939697147147 0.3766263373536868 0.8611427279953928 0.8855438762264878 0.6159900502062902 0.0 0.23780353092784945 0.752635671342532 0.5947124153461191 0.9673229705631974 0.3655512955733458 0.23821792054478239 0.9431981166616749 0.13373074635206628 0.3505040658760506 0.557044816858902 0.0 0.2718602410732596 0.36211790988282516 0.3468037315418909 0.9360832961730082 0.8979535870706277 0.17529088485705624 0.9418976881512088 0.056580495042625606 0.05206465388280128 0.0014391525560057668 0.5180275721064485 0.6140600697938582 0.003643224141479268 0.1523317975035922 0.874031525713922 0.6955956461036782 0.2041954895544231 0.5794295128758578 0.02101989049007775 0.7859908652372377 0.7594036851802184 0.2936077398250385 0.28489960129205794 0.24902664937033278 0.6781790598063325 0.23243784018547875 0.31766148682163853 0.19206191903883102 0.32989220662286955 0.5920181352226849 0.02842079706447937 0.9394440736209386 0.21907827178313036 0.9605112956423801 0.40664589298272413 0.2673242335785967 0.04484069855119895 0.412356476908994 0.6995776371555235 0.2043794985462009 0.49920983739532976 0.8740650985903164 0.20970581362188098 0.505852890047511 0.26273227133115307 0.14297279411008793 0.4831415924045239 0.35549657803800716 0.0 0.34009710645894536 0.2223390324278327 0.020409059143521244 0.07743281172938284 0.7177570270141007 0.9589057331948957 0.8292072094728359 0.5065292946466333 1.0 0.7467307877697907 0.6991346183165311 0.45817160978597876 0.7144505524600273 0.604272002803709 0.0955450222046541 0.3635910459403217 0.0034183621549966053 0.0 1.0 0.0 0.9682922326331105 0.060852127167326936 0.9317032183191005 0.0 0.23512334020593764 0.8006926231637722 0.0 0.44003441296620843 0.3983512182589678 0.0 0.4553140523925691 0.4867997524197913 0.695794001721598 0.9942570580588743 0.0655385516936198 0.005971705406559653 0.21775324110213803 0.7647369655604379 0.44920096968426687 0.2698574639069919 0.8602239900164604 0.1415044485627165 0.0 0.9106595710943142 0.23516796558808417 0.0564665392034543 0.23704737283302557 0.06540287490854901 0.05413948126667528 0.32808657517958606 0.2477725742177444 0.7917293845605088 0.8922521131793225 0.8174229516698707 0.021183729966420935 0.9605395580967255 0.4177706915201401 0.06003771053851062 0.0 0.9959990170787805 0.7077533939853522 0.7946990326603423 0.7114134543061705 0.6368931548972478 0.09969611006584968 0.010688986211983165 0.9949963638918977 0.11204301091517785 0.4751705081001869 0.6313886861062727 0.5096255919638814 0.5258298652471924 0.1581580380344016 0.7145955976307796 0.8259789363948227 0.8864506823848811 0.14908220571793496 0.006938973997787909 0.8217730908199643 0.8679631642644896 0.0 0.9209705789077187 0.9368735263698653 0.05317783614871288 0.2573948565264742 0.43825153335025796 0.08834222319789761 0.9907643158782732 0.5328843167279422 0.6506247431545018 0.037673093213108806 0.9265334420804816 0.5949399316462051 0.15772829407316605 0.6078312734595863 0.7904708858548006 0.0568678892220878 0.6545819203410403 0.0052677989981727074 0.8528501082293534 0.4164739051577653 0.0010451121595237587 0.1674009356221328 0.11563383140135189 
2 0.0355546323984248 0.0673494840171958 0.4158726692715597 0.1262715741920612 0.7545763342728808 0.25649325939596357 0.8325704162879639 0.7637367869090255 0.5510394029688227 0.03260607478664704 0.5578500769962034 0.8778133992614925 0.6462406860756171 0.9418488325739174 0.3993361346345726 0.3247125333685006 1.0 0.08445844010281678 0.0 0.303255886574198 0.2841223609763194 0.2797956534140865 0.557467741879839 0.4290419772505193 0.7182019826140084 1.0 0.0 0.9982144010555254 0.1523197192657385 0.12332443875685353 0.0010831993322706112 0.13415410584695192 0.5338448617555167 0.008242059689585336 0.004032180738380367 0.6248714568790961 0.871076581383291 0.3251211746181756 0.22639204196257767 0.1733333175772513 0.6979638141356669 0.7903946505244567 0.2167734574973314 0.11000040076677334 0.7413290787412015 0.9911499582564294 0.41602073635898984 0.3911575055889523 0.5420963612532121 0.12367781391941535 0.5544074242888041 0.03678390842201821 1.0 0.15594068773600034 0.9758130869325512 0.3737875434124823 0.021314595243458245 0.03367035601733671 0.5760208184041266 0.6543581722029737 0.0 0.6326205135901425 0.9690386387987825 0.0 0.7646530816873695 0.0 0.3711928831199262 0.0 0.444301431959943 0.0 0.4238492659143997 0.3051670923953111 0.0354170492787563 0.31841880485427254 0.6373301130578002 0.35405000553628735 0.8896296747203216 0.47294040626054 1.0 0.6624141729155151 0.6019417441685423 1.0 0.9509124104887081 0.6826905296133186 0.46041562212794507 0.23773829348264364 0.0 0.0 0.5125792042400423 0.0 0.9396448345925097 0.0 1.0 0.0 0.9597731874668063 0.8246625751411314 0.0 0.5676827989422706 0.297650563879643 0.017207303004453153 0.564814478435491 0.5299248042689566 0.6626006203361496 0.6095530843986339 0.13912849796914875 3.5908990274174934E-4 0.13752880856418698 0.7196653730537744 0.43565732035684956 0.1429182183164623 1.0 0.2854680076081717 0.0 0.7549913440055357 0.41987303209444027 0.0 0.6535833003639026 0.0 0.27249962483204065 0.031789082941992994 0.015231178751471397 0.5686283024321843 1.0 0.5815615762778242 0.023860025885405763 1.0 0.34688123846935154 0.13689196356361208 0.0 1.0 0.7431583481135118 1.0 0.9862425783568709 1.0 0.0 0.0 0.9949196375494362 0.14444341373551448 1.0 0.6995660468103874 0.07716287445015495 0.796307910194943 0.29990920581610736 0.8550379306821367 0.6967589715031459 0.7332818794293605 0.5552601428420766 1.0426871622649936E-5 0.8328506734391837 0.4217385894078332 0.0 1.0 0.9158313684931537 0.2999184619611804 0.3460518358229971 0.3725842415294733 0.21660796999277776 0.9426247542794369 0.4015351390426346 0.6352657122074958 0.031611931970861665 0.9265334420804816 1.0 0.1494307714236458 0.8774753454066675 0.7274309120983639 0.11399336214687356 0.8601283802131051 0.0 0.6147901785654212 0.523853695312394 0.020528766040597415 0.0 0.27520448527918245 
2 0.06304256689636015 0.028324598542961432 0.4158726692715597 0.1867074136412953 0.7921656685873564 0.3766263373536868 0.8917390857076826 0.8440498994372824 0.7952157756276381 0.04889486717282837 0.18743038675620638 0.7601314648991393 0.5337203025154615 0.9694005455746912 0.2710629628278749 0.07902504649053649 1.0 0.24977938027134117 0.3590622623448846 0.4168587337080845 0.0038347265574983774 0.27689303769129736 0.3979475086094292 0.36247550633978715 0.9360832961730082 0.8204942199107891 0.17529088485705624 0.9709950059008738 0.056580495042625606 0.027722056883416574 0.0016848615289823611 0.6717621496497791 1.0 0.0010742105694808487 0.1019698280362561 0.8753312923285357 0.7001116219464214 0.12703183288013828 0.6729615608093426 0.02632077206432298 0.8496241577872811 0.8006992693104913 0.26709657876262854 0.21212706251910207 0.3204786719247329 0.38458554054661687 0.39568323646656145 0.7542513133165909 0.3369269286078716 0.32989220662286955 0.48731810073264836 0.04013000416068971 0.9818511238754669 0.21907827178313036 0.9754852336825421 0.43409716914469376 0.26123255721370386 0.02159270856350222 0.633648497894491 0.6230832654087842 0.2043794985462009 0.41968431858470023 0.8636211986727259 0.08506319242418292 0.505852890047511 0.26273227133115307 0.14451986509521436 0.6775784512056492 0.7771416217187648 0.0 0.33192732970244015 0.2223390324278327 0.0111358058116739 0.1984687511355304 0.8220027760880549 0.896233559352738 0.8670694825208067 0.47787066500836506 0.7992105437087575 0.7133656178510763 0.49174642563824605 0.47308835911013775 0.6778768328011511 0.604272002803709 0.1270075285403689 0.5371653875015374 0.0 0.0 0.979449081319315 0.0459558255911183 0.9667482450268092 0.3782667190422564 0.8721415982075218 0.016350597381003383 0.046882421683999614 0.8036378433123779 0.0 0.36395835071802546 0.42598783082621394 0.007831613864923936 0.7346369022245132 0.4867997524197913 0.7952381622018577 0.9597053587207083 0.01479732638218604 0.006079882529920435 0.24431716654198854 0.6575924396868521 0.4090413773021718 0.28142314498016385 0.9484329141950107 0.25893439799391327 0.0 0.7697150350389923 0.036696920040858116 0.06174512429692182 0.09172959356005786 0.5628954925874724 0.022008532053433505 0.3267436057031927 0.41958019004814245 0.7633420260453514 1.0 1.0 0.01670376850254173 0.9534444977248536 0.3396924648492221 0.29051545640654586 0.0 0.9935984857550306 0.8136520130458357 0.636355457772908 0.7971321638787416 0.6413742350444435 0.11036019631535011 0.054764244918495714 0.9952532600585388 0.08030144185379548 0.4127753942212332 0.8063200655730018 0.4410634677433757 0.4290615405010184 0.0018187290387303434 0.7456058716234815 0.8519845449926458 0.8792338578724942 0.14908220571793496 0.006938973997787909 0.7998595802603627 0.8669101942728508 0.051865179981136746 0.9682366025767799 1.0 0.10635567229742576 0.2957444835793671 0.37383163770012207 0.15155847957401813 0.9688851374876732 0.7388249384222944 0.6358219267038177 0.048315813130655166 0.9265334420804816 0.5269256974620689 0.23566278600537943 0.7077254643860136 0.8101237050225362 0.2033141400338096 0.5581425678308314 0.0 0.7741436260924126 0.45792666736546045 0.0 0.31489079521413543 0.06142500254029973 
2 0.0355546323984248 0.0673494840171958 0.4158726692715597 0.1262715741920612 0.7545763342728808 0.25649325939596357 0.8325704162879639 0.7637367869090255 0.5510394029688227 0.03260607478664704 0.5578500769962034 0.8778133992614925 0.6462406860756171 0.9418488325739174 0.3993361346345726 0.3247125333685006 1.0 0.08445844010281678 0.0 0.303255886574198 0.2841223609763194 0.2797956534140865 0.557467741879839 0.4290419772505193 0.7182019826140084 1.0 0.0 0.9982144010555254 0.1523197192657385 0.12332443875685353 0.0010831993322706112 0.13415410584695192 0.5338448617555167 0.008242059689585336 0.004032180738380367 0.6248714568790961 0.871076581383291 0.3251211746181756 0.22639204196257767 0.1733333175772513 0.6979638141356669 0.7903946505244567 0.2167734574973314 0.11000040076677334 0.7413290787412015 0.9911499582564294 0.41602073635898984 0.3911575055889523 0.5420963612532121 0.12367781391941535 0.5544074242888041 0.03678390842201821 1.0 0.15594068773600034 0.9758130869325512 0.3737875434124823 0.021314595243458245 0.03367035601733671 0.5760208184041266 0.6543581722029737 0.0 0.6326205135901425 0.9690386387987825 0.0 0.7646530816873695 0.0 0.3711928831199262 0.0 0.444301431959943 0.0 0.4238492659143997 0.3051670923953111 0.0354170492787563 0.31841880485427254 0.6373301130578002 0.35405000553628735 0.8896296747203216 0.47294040626054 1.0 0.6624141729155151 0.6019417441685423 1.0 0.9509124104887081 0.6826905296133186 0.46041562212794507 0.23773829348264364 0.0 0.0 0.5125792042400423 0.0 0.9396448345925097 0.0 1.0 0.0 0.9597731874668063 0.8246625751411314 0.0 0.5676827989422706 0.297650563879643 0.017207303004453153 0.564814478435491 0.5299248042689566 0.6626006203361496 0.6095530843986339 0.13912849796914875 3.5908990274174934E-4 0.13752880856418698 0.7196653730537744 0.43565732035684956 0.1429182183164623 1.0 0.2854680076081717 0.0 0.7549913440055357 0.41987303209444027 0.0 0.6535833003639026 0.0 0.27249962483204065 0.031789082941992994 0.015231178751471397 0.5686283024321843 1.0 0.5815615762778242 0.023860025885405763 1.0 0.34688123846935154 0.13689196356361208 0.0 1.0 0.7431583481135118 1.0 0.9862425783568709 1.0 0.0 0.0 0.9949196375494362 0.14444341373551448 1.0 0.6995660468103874 0.07716287445015495 0.796307910194943 0.29990920581610736 0.8550379306821367 0.6967589715031459 0.7332818794293605 0.5552601428420766 1.0426871622649936E-5 0.8328506734391837 0.4217385894078332 0.0 1.0 0.9158313684931537 0.2999184619611804 0.3460518358229971 0.3725842415294733 0.21660796999277776 0.9426247542794369 0.4015351390426346 0.6352657122074958 0.031611931970861665 0.9265334420804816 1.0 0.1494307714236458 0.8774753454066675 0.7274309120983639 0.11399336214687356 0.8601283802131051 0.0 0.6147901785654212 0.523853695312394 0.020528766040597415 0.0 0.27520448527918245 
2 0.1025400574373822 0.055436822520060935 0.6033726692715597 0.08705974531098302 0.786939697147147 0.3299554898061009 0.8932595011379574 0.8855438762264878 0.6159900502062902 0.0 0.23780353092784945 0.7179378861566518 0.4021910648645963 0.9718736244106203 0.40545804110712225 0.23821792054478239 1.0 0.13373074635206628 0.3505040658760506 0.557044816858902 0.0 0.2718602410732596 0.36211790988282516 0.3586811696472145 0.9420812509145402 0.8560013892031818 0.17529088485705624 0.950917975117687 0.056580495042625606 0.11136944642403157 0.0014391525560057668 0.857888231106861 0.6192688520732041 0.003643224141479268 0.1523317975035922 0.874031525713922 0.6955956461036782 0.2145067560393214 0.5794295128758578 0.02101989049007775 0.7859908652372377 0.6606357266651202 0.2936077398250385 0.28489960129205794 0.1974063307148378 0.6781790598063325 0.3183695812919566 0.47497632472169016 0.15679399818921258 0.32989220662286955 0.670405283958956 0.026526726234929538 0.9394440736209386 0.17557834300472622 0.9146532034264211 0.4249072409358924 0.2673242335785967 0.028365148593982953 0.5108737598807538 0.4330602845988456 0.2043794985462009 0.45706675078361436 0.8740650985903164 0.20970581362188098 0.5609433507044161 0.26273227133115307 0.14791774046905226 0.49965703558099345 0.5444488327129207 0.0 0.34009710645894536 0.2293730069990068 0.020409059143521244 0.34443744662128756 0.7307441538351169 0.9589057331948957 0.8292072094728359 0.5065292946466333 0.9945486501883711 0.7467307877697907 0.7154947959559858 0.45817160978597876 0.7071225278212208 0.604272002803709 0.0 0.43848409319639614 0.0 0.0 0.6725540849186266 0.0 0.9783247839831244 0.060852127167326936 0.9063392201845262 0.015718752207618838 0.27015604299836027 0.7361946815084088 0.0 0.44003441296620843 0.38927454443767584 0.007501586838292821 0.5521005444679249 0.5480104112725896 0.8135001470554579 0.8909811262744455 0.0655385516936198 0.006160933453008602 0.21775324110213803 0.7647369655604379 0.45501665445915396 0.0 0.8602239900164604 0.1415044485627165 0.0088014516931669 0.750839664583992 0.09988452677594159 0.0564665392034543 0.0 0.0 0.05413948126667528 0.0 0.05174908985468715 0.7917293845605088 1.0 0.8372475611730801 0.03072216316348891 0.9605395580967255 0.4177706915201401 0.0 0.0 0.9959990170787805 0.7077533939853522 0.9103722289637348 0.7114134543061705 0.6368931548972478 0.09969611006584968 0.010688986211983165 0.9949963638918977 0.11204301091517785 0.5494270738695897 0.6313886861062727 0.5094933900548492 0.5258298652471924 0.1581580380344016 0.7145955976307796 0.8259789363948227 0.8864506823848811 0.14908220571793496 8.793877202169726E-4 0.8217730908199643 0.8679631642644896 0.0 0.9209705789077187 0.8495492445549554 0.05317783614871288 0.07379491696588719 0.398359542878419 0.0 0.9907643158782732 0.49377917223499157 0.6293710420688294 0.03655532955745396 0.9265334420804816 0.5070496681787526 0.0760019998774564 0.6078312734595863 0.7904708858548006 0.09663016352448929 0.6074184383423917 0.0052677989981727074 0.7436505480665392 0.15357629113637383 0.0010451121595237587 0.1674009356221328 0.11563383140135189 
2 0.1025400574373822 0.1093927341405048 0.6442453385431194 0.12286454491873287 0.786939697147147 0.3766263373536868 0.8611427279953928 0.8855438762264878 0.6159900502062902 0.0 0.23780353092784945 0.752635671342532 0.5947124153461191 0.9673229705631974 0.3655512955733458 0.23821792054478239 0.9431981166616749 0.13373074635206628 0.3505040658760506 0.557044816858902 0.0 0.2718602410732596 0.36211790988282516 0.3468037315418909 0.9360832961730082 0.8979535870706277 0.17529088485705624 0.9418976881512088 0.056580495042625606 0.05206465388280128 0.0014391525560057668 0.5180275721064485 0.6140600697938582 0.003643224141479268 0.1523317975035922 0.874031525713922 0.6955956461036782 0.2041954895544231 0.5794295128758578 0.02101989049007775 0.7859908652372377 0.7594036851802184 0.2936077398250385 0.28489960129205794 0.24902664937033278 0.6781790598063325 0.23243784018547875 0.31766148682163853 0.19206191903883102 0.32989220662286955 0.5920181352226849 0.02842079706447937 0.9394440736209386 0.21907827178313036 0.9605112956423801 0.40664589298272413 0.2673242335785967 0.04484069855119895 0.412356476908994 0.6995776371555235 0.2043794985462009 0.49920983739532976 0.8740650985903164 0.20970581362188098 0.505852890047511 0.26273227133115307 0.14297279411008793 0.4831415924045239 0.35549657803800716 0.0 0.34009710645894536 0.2223390324278327 0.020409059143521244 0.07743281172938284 0.7177570270141007 0.9589057331948957 0.8292072094728359 0.5065292946466333 1.0 0.7467307877697907 0.6991346183165311 0.45817160978597876 0.7144505524600273 0.604272002803709 0.0955450222046541 0.3635910459403217 0.0034183621549966053 0.0 1.0 0.0 0.9682922326331105 0.060852127167326936 0.9317032183191005 0.0 0.23512334020593764 0.8006926231637722 0.0 0.44003441296620843 0.3983512182589678 0.0 0.4553140523925691 0.4867997524197913 0.695794001721598 0.9942570580588743 0.0655385516936198 0.005971705406559653 0.21775324110213803 0.7647369655604379 0.44920096968426687 0.2698574639069919 0.8602239900164604 0.1415044485627165 0.0 0.9106595710943142 0.23516796558808417 0.0564665392034543 0.23704737283302557 0.06540287490854901 0.05413948126667528 0.32808657517958606 0.2477725742177444 0.7917293845605088 0.8922521131793225 0.8174229516698707 0.021183729966420935 0.9605395580967255 0.4177706915201401 0.06003771053851062 0.0 0.9959990170787805 0.7077533939853522 0.7946990326603423 0.7114134543061705 0.6368931548972478 0.09969611006584968 0.010688986211983165 0.9949963638918977 0.11204301091517785 0.4751705081001869 0.6313886861062727 0.5096255919638814 0.5258298652471924 0.1581580380344016 0.7145955976307796 0.8259789363948227 0.8864506823848811 0.14908220571793496 0.006938973997787909 0.8217730908199643 0.8679631642644896 0.0 0.9209705789077187 0.9368735263698653 0.05317783614871288 0.2573948565264742 0.43825153335025796 0.08834222319789761 0.9907643158782732 0.5328843167279422 0.6506247431545018 0.037673093213108806 0.9265334420804816 0.5949399316462051 0.15772829407316605 0.6078312734595863 0.7904708858548006 0.0568678892220878 0.6545819203410403 0.0052677989981727074 0.8528501082293534 0.4164739051577653 0.0010451121595237587 0.1674009356221328 0.11563383140135189 
2 0.06304256689636015 0.01138208798957082 0.24040560517221543 0.26626552949158006 0.8843123011410302 0.7035019488227843 0.8486561983101701 0.8167986888916081 0.9057194367889692 0.0027022633912528737 0.04199164723826676 0.5711814408904856 0.6873242110666218 0.9610249599241049 0.3405850890742734 0.09129576127446175 0.8375799259741705 0.5082154677318971 0.7071175607256366 0.3867264897824503 0.38358047185536737 0.29102244220004503 0.3849384334975541 0.3988934289220248 1.0 0.8983945027211045 0.07768865335428879 1.0 0.0453790211197634 0.03794618020438098 0.0011985135995947495 0.7563780345459288 1.0 5.371052847404243E-4 0.13787147436717717 0.7959213564192363 0.6726734818462896 0.1654078022587035 1.0 0.08689101114486918 0.8397337121069255 0.3830039831841262 0.07008630449242206 0.09204322882305924 0.0 0.5149566901983733 0.4451169534912781 0.7330951591476571 0.11921429540168232 0.6574132416061067 0.5597970806144371 0.020635501817296634 0.8771048806998039 0.3185988714051412 1.0 0.4248006071009094 0.0 0.043348192472448505 0.9633393537667736 0.9340947961847699 0.21384314863110152 0.7227721492261705 0.830940719418249 0.0 0.6699811246754336 0.4858357547181926 0.19866877628618496 0.47686730523683757 0.5498852932205534 0.0 0.371372856949027 0.30872355135496155 0.0 0.11641813675457664 1.0 0.7020940389251197 0.7737335941677466 0.5010271346933189 0.7155972857591522 0.6259164216744348 0.4883708319045321 0.0 0.8396892567463814 0.604272002803709 0.8131544771830858 0.9231197455246445 0.002891258116587317 0.0 1.0 0.32242004378436784 0.9654845888373411 0.24995559333767137 0.7147659234771577 0.0 0.10623564157146304 0.6885823104324031 0.0 0.3903826565796686 0.4424987449972294 0.0 0.9907396135363229 0.417758441174699 0.6285974904242768 0.8976513399438917 0.034468347025546506 0.006079882529920435 0.217341697293075 0.6358630047378874 0.6920586055365661 0.829281830882892 0.5738811800083795 0.212199972482148 0.0 0.7609122222406619 0.171824471295387 0.25269909708087723 0.04621382066475013 0.4848730538739514 0.0 0.5431909796075591 0.5953588207543972 1.0 0.5902554389618833 0.8847222137114432 0.03411422482877266 0.8716117732882637 0.5265365581410664 0.24838368790334386 0.0 0.9835676642383413 0.9091381673451017 0.7189902893199638 0.846865249037996 0.6757371056992005 0.001419220623633935 0.10304486354928241 0.9966327615190407 0.25800177819652453 0.7843366841809226 0.9737533588656035 0.5834379963013456 0.5468691385134553 0.0022734112984129223 0.7801460802313376 0.935097546874908 0.7725701649414911 0.0 0.013596482859586156 0.8224250544097156 0.8740913696502597 0.0 0.9340884189833938 1.0 0.13422086257431765 0.4182717960069018 0.5048263983453366 0.2127359024100362 0.9401983102790923 0.7789545075618581 0.7451109702639813 0.14242161408436907 1.0 0.7986390376010344 0.7370575408489505 0.7442513433215545 0.7293776125674357 0.18289289684374685 0.7910840461746135 0.0 0.6561417694226805 1.0 0.0 0.33957529303907596 0.014563145839672366 
2 0.06304256689636015 0.01438604258498084 0.4158726692715597 0.2707714559136114 0.7921656685873564 0.3766263373536868 0.8917390857076826 0.8892692462312768 0.7952157756276381 0.08885792915200293 0.0022205416362078845 0.7601314648991393 0.5151828354048881 0.9908262656814053 0.2710629628278749 0.0 0.8675797407042374 0.24977938027134117 0.3590622623448846 0.4168587337080845 0.0 0.27689303769129736 0.3979475086094292 0.3840494038719452 0.9360832961730082 0.8204942199107891 0.17529088485705624 0.9709950059008738 0.008710882931069155 0.0 0.0016848615289823611 0.9828741139992675 1.0 0.0 0.1019698280362561 0.8753312923285357 0.6221128712393231 0.12703183288013828 1.0 0.0 0.890304582259991 0.5970039356403261 0.26709657876262854 0.21212706251910207 0.0 0.12389142753476923 0.49470507026946653 0.7963265659270176 0.3369269286078716 0.32989220662286955 0.5659592911114986 0.04013000416068971 0.9818511238754669 0.21907827178313036 0.9723564029662164 0.43409716914469376 0.25057525959197474 0.02159270856350222 0.633648497894491 0.5067510713565491 0.2043794985462009 0.41968431858470023 0.8636211986727259 0.08506319242418292 0.505852890047511 0.4309434929454275 0.09252649423147885 0.6775784512056492 0.850157108990307 0.0 0.3102893355528833 0.2223390324278327 0.0011868467608221606 0.1384937242761593 0.85339056548444 1.0 0.9139941901161505 0.47787066500836506 0.7992105437087575 0.7133656178510763 0.49174642563824605 0.47308835911013775 0.663462079289827 0.5700608605135509 0.1270075285403689 0.5371653875015374 0.0 0.0 0.979449081319315 0.18455113957138475 0.9862624561959107 0.3782667190422564 0.7787372230656472 0.024525896071505075 0.0 0.766929884211497 0.0 0.26209612660590287 0.4780769760485408 0.007831613864923936 0.7346369022245132 0.4867997524197913 0.7952381622018577 0.9597053587207083 0.0 0.006079882529920435 0.24431716654198854 0.6575924396868521 0.4090413773021718 0.4700835575976736 0.9484329141950107 0.25893439799391327 0.0 0.7697150350389923 0.0 0.18423027462466884 0.0 0.5628954925874724 0.022008532053433505 0.35754724061004955 0.785714084340285 0.9636231356990743 0.8240019185427893 1.0 0.009222802528923602 0.9534444977248536 0.4320889863261139 0.3520786550287955 0.0 0.9935984857550306 0.8136520130458357 0.636355457772908 0.7971321638787416 0.6413742350444435 0.11036019631535011 0.054764244918495714 0.9962793645077224 0.0928103908936543 0.4127753942212332 0.9060075218367465 0.4410634677433757 0.4290615405010184 0.0 0.8332424279608135 0.8519845449926458 1.0 0.03267916603250359 0.006938973997787909 0.7998595802603627 1.0 0.051865179981136746 0.9682366025767799 1.0 0.10635567229742576 0.2957444835793671 0.37383163770012207 0.15155847957401813 0.9688851374876732 0.978800573302245 0.6358219267038177 0.05666775371055192 0.9265334420804816 0.5269256974620689 0.3315228891393112 0.6821981735718055 0.8382657560570681 0.2033141400338096 0.38648236928916635 0.0 0.8323727531021841 0.6262668206550224 0.0 0.44521351565795964 0.0 
2 0.08204580401309339 0.06908240965523324 0.4158726692715597 0.2707714559136114 0.7921656685873564 0.3766263373536868 0.8744190178026824 0.8919009306295619 0.7952157756276381 0.026868305509482104 0.056635424696496364 0.7601314648991393 0.5040758035594297 0.9908262656814053 0.34679626607311737 0.08799312466377456 0.9472932981405684 0.24284091219365672 0.3590622623448846 0.45499207530505514 0.0 0.278234364327392 0.3979475086094292 0.3840494038719452 0.9077298018232165 0.8204942199107891 0.17529088485705624 0.9709950059008738 0.008710882931069155 0.02603232694140064 0.0016346798088002442 0.7418879000524917 1.0 0.001821612070739634 0.09038087480074829 0.8753312923285357 0.5952459321462723 0.1508982718641126 1.0 0.0 0.890304582259991 0.5970039356403261 0.26709657876262854 0.21212706251910207 0.09687933378940161 0.31301588840330064 0.49470507026946653 0.4675237801334359 0.3369269286078716 0.32989220662286955 0.5659592911114986 0.048537176411451964 0.9818511238754669 0.199262568324706 0.9786998967471858 0.3046911273205536 0.25057525959197474 0.02159270856350222 0.36451782230938334 0.5067510713565491 0.2382205324131657 0.41968431858470023 0.8636211986727259 0.08506319242418292 0.47782281762998163 0.3020473854246732 0.1295677222377357 0.6813921232849462 0.7296297217596972 0.0 0.34226348372815363 0.2223390324278327 0.0011868467608221606 0.1384937242761593 0.85339056548444 1.0 0.9195200620589815 0.5941561895671487 0.8720127049008811 0.7133656178510763 0.49174642563824605 0.7021741640031272 0.6633148595809315 0.5700608605135509 0.0 0.5371653875015374 0.0 0.0 1.0 0.06846508479678244 0.9862624561959107 0.26166667095021623 0.7787372230656472 0.024525896071505075 0.10417552607613757 0.766929884211497 0.0 0.26209612660590287 0.5292289054542694 0.007831613864923936 0.7346369022245132 0.6484427803177415 0.7952381622018577 0.9597053587207083 0.0 0.006079882529920435 0.2554533491815095 0.8183092284972309 0.40222962961480624 0.4700835575976736 1.0 0.25893439799391327 0.0 0.7697150350389923 0.044995034272268114 0.18423027462466884 0.028937715924585675 0.595596930041747 0.022008532053433505 0.43597906496102085 0.5761291204720799 0.8594878279793288 0.8240019185427893 1.0 0.01076132529193894 0.9534444977248536 0.4320889863261139 0.3371643379728115 0.0 0.9935984857550306 0.7454663898495211 0.636355457772908 0.7971321638787416 0.6863210357497275 0.11036019631535011 0.0 0.9948610071087762 0.0928103908936543 0.2733856362729107 0.7489902145747741 0.4410634677433757 0.4290615405010184 0.043315262241764185 0.7900626389483905 0.8691487324131788 1.0 0.03267916603250359 0.0 0.7919497098482357 0.9482355340644242 0.051865179981136746 0.9813410628756865 1.0 0.10635567229742576 0.2957444835793671 0.39956194208667395 0.11617252522455401 0.9902740094556512 0.978800573302245 0.5521788166051141 0.05666775371055192 0.9659878569372531 0.5414896674091956 0.161741046875937 0.6821981735718055 0.784449459558418 0.1293277556399222 0.4397783574012044 0.0 0.8323727531021841 0.6262668206550224 0.0 0.21746845711738977 0.0 
2 0.1025400574373822 0.055436822520060935 0.6033726692715597 0.08705974531098302 0.786939697147147 0.3299554898061009 0.8932595011379574 0.8855438762264878 0.6159900502062902 0.0 0.23780353092784945 0.7179378861566518 0.4021910648645963 0.9718736244106203 0.40545804110712225 0.23821792054478239 1.0 0.13373074635206628 0.3505040658760506 0.557044816858902 0.0 0.2718602410732596 0.36211790988282516 0.3586811696472145 0.9420812509145402 0.8560013892031818 0.17529088485705624 0.950917975117687 0.056580495042625606 0.11136944642403157 0.0014391525560057668 0.857888231106861 0.6192688520732041 0.003643224141479268 0.1523317975035922 0.874031525713922 0.6955956461036782 0.2145067560393214 0.5794295128758578 0.02101989049007775 0.7859908652372377 0.6606357266651202 0.2936077398250385 0.28489960129205794 0.1974063307148378 0.6781790598063325 0.3183695812919566 0.47497632472169016 0.15679399818921258 0.32989220662286955 0.670405283958956 0.026526726234929538 0.9394440736209386 0.17557834300472622 0.9146532034264211 0.4249072409358924 0.2673242335785967 0.028365148593982953 0.5108737598807538 0.4330602845988456 0.2043794985462009 0.45706675078361436 0.8740650985903164 0.20970581362188098 0.5609433507044161 0.26273227133115307 0.14791774046905226 0.49965703558099345 0.5444488327129207 0.0 0.34009710645894536 0.2293730069990068 0.020409059143521244 0.34443744662128756 0.7307441538351169 0.9589057331948957 0.8292072094728359 0.5065292946466333 0.9945486501883711 0.7467307877697907 0.7154947959559858 0.45817160978597876 0.7071225278212208 0.604272002803709 0.0 0.43848409319639614 0.0 0.0 0.6725540849186266 0.0 0.9783247839831244 0.060852127167326936 0.9063392201845262 0.015718752207618838 0.27015604299836027 0.7361946815084088 0.0 0.44003441296620843 0.38927454443767584 0.007501586838292821 0.5521005444679249 0.5480104112725896 0.8135001470554579 0.8909811262744455 0.0655385516936198 0.006160933453008602 0.21775324110213803 0.7647369655604379 0.45501665445915396 0.0 0.8602239900164604 0.1415044485627165 0.0088014516931669 0.750839664583992 0.09988452677594159 0.0564665392034543 0.0 0.0 0.05413948126667528 0.0 0.05174908985468715 0.7917293845605088 1.0 0.8372475611730801 0.03072216316348891 0.9605395580967255 0.4177706915201401 0.0 0.0 0.9959990170787805 0.7077533939853522 0.9103722289637348 0.7114134543061705 0.6368931548972478 0.09969611006584968 0.010688986211983165 0.9949963638918977 0.11204301091517785 0.5494270738695897 0.6313886861062727 0.5094933900548492 0.5258298652471924 0.1581580380344016 0.7145955976307796 0.8259789363948227 0.8864506823848811 0.14908220571793496 8.793877202169726E-4 0.8217730908199643 0.8679631642644896 0.0 0.9209705789077187 0.8495492445549554 0.05317783614871288 0.07379491696588719 0.398359542878419 0.0 0.9907643158782732 0.49377917223499157 0.6293710420688294 0.03655532955745396 0.9265334420804816 0.5070496681787526 0.0760019998774564 0.6078312734595863 0.7904708858548006 0.09663016352448929 0.6074184383423917 0.0052677989981727074 0.7436505480665392 0.15357629113637383 0.0010451121595237587 0.1674009356221328 0.11563383140135189 
2 0.11537339344120762 0.02601982729740033 0.5214450444510694 0.10752679546982347 0.7574785392653957 0.5886011034320093 0.9434637472990499 0.9246566341169262 0.8719033926425603 0.011447048540045496 0.0 0.566041440682987 0.2764137577570085 0.9718736244106203 0.21313785401325952 0.18973731912627612 1.0 0.13373074635206628 0.3535968526228183 0.557044816858902 0.0 0.2718602410732596 0.26890729749600717 0.33795277892521425 1.0 0.9401088653519064 0.17529088485705624 0.9159446122889077 0.042945105727275626 0.11415554207576964 0.0014391525560057668 0.857888231106861 0.6868099960963859 0.003643224141479268 0.10748589497258061 0.937015762856961 0.6861608272054888 0.14153827217783083 0.6164527041254136 0.025269060102456345 0.7255898646454411 0.6112021400022657 0.3272143038225574 0.17355146320168946 0.15961012227475946 0.6781790598063325 0.3183695812919566 0.754770937974065 0.2468604633985421 0.32189621668682794 0.8478922455087492 0.026526726234929538 1.0 0.17557834300472622 0.9074327630003631 0.4249072409358924 0.2673242335785967 0.03041489644473528 0.40195659208020484 0.7606485003697584 0.26335084944858034 0.5932665388236258 1.0 0.08358710870489476 0.6935404848034794 0.26273227133115307 0.23552083498900397 0.49965703558099345 0.6723069048626346 0.0 0.34259452250439415 0.2507714561475285 0.013948888154694583 0.19406685781391614 0.7724346200174164 1.0 0.8898810772946841 0.38870928366789026 0.8753511177549685 0.7467307877697907 0.9157414757771035 0.5888107950146628 0.7836805904117063 0.5691227102467499 0.0 0.6831681173768906 0.0 0.0013061155157647897 1.0 0.0 1.0 0.4351992582106354 0.8494087576828081 0.015718752207618838 0.06374170548703526 0.7569217859451036 0.0 0.3747197273605878 0.38927454443767584 0.0 0.9526387916704825 0.43448734326429694 0.8335200772127518 1.0 0.07333202241388329 0.006814549861305835 0.16916691444701762 0.7374197802445259 0.3441794787539167 0.35775502974177786 0.751571725654988 0.21608033670255872 0.2422757312302308 0.7037055587488262 0.1395298628361965 0.04190418874724556 0.0 0.0 0.0 0.0 0.15861116165592642 0.8837101903467965 0.717513309070162 0.980882526846234 0.02049961497587848 0.8966719957748862 0.18125382653952737 0.21301136886935862 0.0 0.9955437135349124 0.6706384646080774 0.6297472949344148 0.7114134543061705 0.7396107370630087 0.0 0.11365135685872689 0.9951735945445132 0.08686421288166747 0.5163698512159719 0.6714400740502162 0.30158017936013026 0.3667460118982472 0.1581580380344016 0.7409830677539598 0.8259789363948227 0.8864506823848811 0.10438006874140698 0.0 0.8955984819271126 0.9003720554618263 0.0 0.9209705789077187 0.9609723700626231 0.05317783614871288 0.2118956890088986 0.337622719121448 0.0 0.9501765442933541 0.6754902232284258 0.6920742947493298 0.03655532955745396 0.9632667210402408 0.5070496681787526 0.4697104250521277 0.6929085846789164 0.8164229159838277 0.1929806628061521 0.6870778152118886 0.0052677989981727074 0.924561420970737 0.25491600119180124 0.0010451121595237587 0.4985757774331066 0.03239552406302683 
2 0.12686297038340805 0.0 0.4182546614568806 0.1537685065101988 0.9060205951137147 0.5130562756357904 0.9693944177735994 0.8324326720527955 0.9221229563630777 0.32187626524092455 0.5607160510270042 0.9306044296282396 0.3395720436685166 1.0 0.07981349106755292 0.04386951224406498 0.9183281084646542 0.07490963096630174 0.00883915984997935 0.18461947884382057 0.0 0.26505592412145207 0.3932201244304242 0.4004031148032515 1.0 0.8004675417098052 0.551709408774506 1.0 0.06485339993003816 0.1836489415011528 0.0 0.873122543590455 1.0 0.0 0.0 0.6388776652804216 0.778614700189717 0.16675360433363004 0.20882368634479648 0.021505704918937923 0.509542055108237 0.23213911195878395 0.48126656612743307 0.4924106145366132 0.0 0.15003240207121937 0.611486147216109 0.8651086363761337 0.17374827463903303 0.1018062092492846 0.6040402918654857 0.012088272963997664 0.5313571288194178 0.0 0.9082838155680819 0.4427320337970822 0.06232012706209028 0.0 0.9300467635689336 0.0 0.22506619490261384 0.4582298995017517 1.0 0.0 0.5846081808518709 0.05261048767316159 0.13876567833200107 0.534850467450295 0.9812385188123138 0.0 0.3665738106327693 0.21812718010654014 0.030942176600507264 0.6312836708243652 0.7572697555838375 1.0 1.0 0.08197613768941275 0.8127990879771243 0.6076900183746803 1.0 0.7374938940512354 0.7083781507205098 0.4151390683045595 0.08529960104305112 0.4554285772897341 0.0 0.08341028815369293 0.25884335572948913 0.21317587570034632 1.0 0.5401136697862522 0.8333927909446854 0.03160588891544767 0.0700654055848452 0.7532779192885624 0.0 0.06118391989502253 0.4306259195746974 0.028605658876889276 0.6054728254981485 0.4706809756374435 1.0 0.7934481364311423 0.07996435579035942 0.010270230216159566 0.22980098973899885 1.0 0.23731945813009755 0.0 0.9403159741296272 0.4933528842898949 0.19831426615799447 0.46019364850727046 0.04991704076160626 0.02687708337154268 0.07764434063966735 0.8002820938796734 0.01125907177626119 0.015702247252094237 0.19974541515745098 0.9811210935391615 0.9400388991886852 0.6911890295694532 0.021686782302710393 0.8034953383817341 0.0 0.0 0.0 0.9928042602526611 0.9021807721962314 0.6489073781951594 1.0 0.7502862672201462 0.0 0.9869786803343625 0.9953017121372658 0.22419665687519613 0.1485131315388054 1.0 0.33849576387886043 0.0 0.0 0.8150033800292902 0.8675214316727444 0.8329827663981793 1.0 0.003847226547991087 0.5882931661012359 0.9803528442497211 0.0 0.8081849784345041 0.8253514363701802 0.0809361634137416 0.0 0.36466435294680144 0.04850377637071157 0.8662337066766537 0.9217897110140987 0.9574925978286551 0.04608028581934548 0.986855943890366 0.5206207042150434 0.3934946748945858 0.9089807232419839 0.6515599625428745 0.15309648906017348 0.5668580979596045 0.0 0.5557445057667842 0.36888173206232877 0.0 0.7252541452874108 0.21199369144219038 
2 0.0 0.0 0.7399307071936927 0.021292822908774052 0.8071867729329983 0.24189046485346372 0.8699183164176986 0.8790957192628833 0.637445836073583 0.1868729259924406 0.9211778160621672 0.8776937885436105 0.40285608649212884 0.9022897673272811 0.1374658040096701 0.32049167440016085 0.981021142321554 0.04079375217496413 0.0 0.0 0.03067781245998699 0.27113657671263114 0.38830843902249473 0.4169301004550387 0.6400497442605596 0.9376442719410121 0.0 1.0 0.14249201529452868 0.0563514183844901 9.877762971035413E-4 0.5627450988048184 0.2999429108834647 0.024073945359252714 0.0 0.6220519586563126 0.7579073777101224 0.2477330318373171 0.5718140269584664 0.015305703974638547 0.6923343763994616 0.6120281897542381 0.25690756044550267 0.028726097305154435 0.6300258507534439 1.0 0.48821226057843 0.17693337895952144 0.6181279282133155 0.14462805122395095 0.5429734805111153 0.05375815562149185 0.744073057484077 0.09439046525559446 0.9786884313529859 0.3847492605375694 0.31468433277307584 0.028014143502654295 0.5064984481623247 0.6824804490783885 0.0 0.6673160786923105 0.8971379169049196 0.4728625705213694 0.7131500773670123 0.007900557899373536 0.17608130796009278 0.29768073830687714 0.49060557942932975 0.0 0.3446202074875899 0.1419927335679158 0.033221532571034204 0.40351638033521253 0.6738798941138315 0.3806042463433013 0.9374846466854663 0.35749374922358323 1.0 0.6328621251380315 0.7744667809171553 0.9531667783035613 0.8660261771933947 0.903958991667325 0.0 0.8346827503047136 0.0 1.6374366726209805E-4 0.2538456785885759 0.0 0.9761499761921932 0.2473816851954731 0.9360707991037609 0.04601738501709683 0.922824193298859 0.783829122189039 0.0 0.5353132173705002 0.2958736746487599 0.005534425583392051 0.0 0.5711837572750523 0.7093893379992107 0.547529593371394 0.09722073466862331 0.0024777928391524827 0.21292601323156496 0.7196653730537744 0.3776453981504976 0.0 1.0 0.20625769088668772 0.11839450915455094 0.7029251169739567 0.2683088374256607 0.0 0.0 0.19729592997092266 0.6335984722618934 0.0 0.3415633756632447 0.5805498565373791 0.9754893141582098 0.2144288493599621 0.021685847726820542 0.9907037971045606 0.3091816155070592 0.24167914948030222 0.0 0.9983995484025304 0.8858932055458082 0.8678550485824046 0.7062332978990374 0.6271636119578372 0.07343670102144695 0.0 0.9973448906114775 0.3144703733763371 0.9288476488756248 0.8039656637599562 0.14875820218112046 0.2898110566422002 0.23364342873781474 0.8118811086682693 0.8571486047633621 0.970173619233205 0.4888411178462876 0.01343092010081636 0.7650419084383238 0.6933347306160043 0.08303281430818005 0.9602584587232024 0.8499836218457644 0.2616805762336316 0.049429974740758664 0.3800951869343777 0.04301000739015512 1.0 0.5117147664173278 0.7696443331076882 0.055603570947681334 0.9216362273421692 0.6880413261703484 0.42498466898128884 0.6227960261528734 0.7926144655069269 0.0 0.8337149823269326 0.0052677989981727074 0.5777054667300814 0.0 0.020528766040597415 0.0 0.19594238367298783 
2 0.0 0.0 0.7399307071936927 0.04630577639617503 0.8071867729329983 0.1640647217049696 0.8955035382141654 0.8078192914446471 0.59050436510967 0.1868729259924406 0.7126547826565184 0.8786304038349839 0.40285608649212884 1.0 0.18897666549094183 0.32049167440016085 0.981021142321554 0.06144081541848441 0.01711639293766798 0.018273860826810234 0.015338906229993496 0.2792298533589409 0.31056670063408326 0.3839324404278267 0.7145850786716027 0.9168590292546828 0.16007622766244867 0.9967005469012984 0.14249201529452868 0.06858447895442069 0.0011232410193215742 0.7566717259565563 0.19889787983341767 0.03281473419199085 0.0 0.6220519586563126 0.8155113232665568 0.2477330318373171 0.434613138166918 0.021131707945528357 0.6662264237363779 0.608112737023862 0.447938448998216 0.010469507440488551 0.6540705820171002 1.0 0.46751192283179177 0.28090841093415375 0.6231558854511772 0.14462805122395095 0.28117013898130344 0.030382567718683792 0.744073057484077 0.15582290916537073 0.9786884313529859 0.3655691198638495 0.31468433277307584 0.0022190319887557576 0.4466377838957018 0.7723940712820452 0.007990255084571102 0.6421375183103271 0.8971379169049196 0.4992852423953961 0.7131500773670123 0.04396718376107206 0.1356715363617482 0.3910854956281428 0.47238801309972817 0.0 0.2831915962843257 0.1419927335679158 0.04108324601396435 0.40351638033521253 0.6373301130578002 0.3806042463433013 1.0 0.35749374922358323 1.0 0.5514038083099699 0.7744667809171553 0.6624148287987435 0.8985947228783913 0.7170209495791271 0.270240141237914 0.8414223962987041 0.0 0.0 0.2898196698780843 0.0 0.9761499761921932 0.2473816851954731 0.9360707991037609 0.04601738501709683 0.6223002683392642 0.813364111714685 0.0 0.35387198507543594 0.23760397679165374 0.013955636803140364 0.0 0.5643540060598566 0.8265801836951078 0.478429820965348 0.10941510271223931 4.980165359473056E-4 0.20742223163515716 0.7196653730537744 0.3776453981504976 0.0 1.0 0.13300745196730407 0.10867370920306574 0.6202071301309279 0.38609595490016824 0.0 0.01162005864448215 0.0 0.6335984722618934 0.0 0.3415633756632447 0.5805498565373791 0.9808512937414073 0.2144288493599621 0.02640267346854465 0.9907037971045606 0.3091816155070592 0.0 0.0 0.9983995484025304 0.9343212691447135 0.8678550485824046 0.7062332978990374 0.6039321310840641 0.0 0.0881505174130251 0.9976236334881208 0.18033356483990068 1.0 0.7386208850132749 0.14875820218112046 0.22003844400104633 0.2707712322922991 0.8118811086682693 0.7701380729607734 0.9043327988520828 0.6332818847107748 0.01343092010081636 0.8312189218559844 0.8905906459737338 0.08303281430818005 0.9602584587232024 0.8499836218457644 0.04452355171694425 0.15771256522097854 0.3800951869343777 0.12057140972570612 0.9992944150985964 0.3998675427796981 0.7532021338803861 0.055603570947681334 0.9216362273421692 0.6880413261703484 0.3612153807480214 0.6986926621576637 0.7926144655069269 0.0 0.8502048531108861 0.0 0.5777054667300814 0.0 0.0 0.14242703952561736 0.19594238367298783 
2 0.012343848162396628 0.03102419697094224 0.3025795817052752 0.2943996587366933 0.8843123011410302 0.7455053590687202 0.8045403411587981 0.8236760965034069 0.7789781006934237 0.07204185903501864 0.25545790445322547 0.8795872895780411 0.7805204279271047 0.991549599786762 0.5450603474178566 0.12597774905605807 0.7351594814084748 0.2818011719930007 0.3959287635726285 0.5727142395086012 0.1420611804881597 0.2767256368938018 0.40264147815758244 0.43739162039384977 0.7989641225831714 0.828946841423799 0.10962078614216961 1.0 0.1072504756348976 0.016550789302948926 0.0011232410193215742 0.6010465861251744 0.8174449464027819 0.01602264342734923 0.05604185834063298 0.40486533680621506 0.8973265238149064 0.20378377163726874 0.7745843889361869 0.0 0.8364263769536673 0.333260544683744 0.44236045521544315 0.17348048969944613 0.5497532859906471 1.0 0.4137572686335261 0.4753080108098055 0.46426625306196256 0.3135049766880222 0.4056882753550961 0.034274336618014586 0.6560415902468988 0.19271719549641422 0.9695554254998998 0.5878336291808302 0.0 0.08091869190395443 0.6163789702410762 0.5917552706559328 0.08589075422199002 0.7899491754994322 0.8208275935613261 0.0 1.0 0.5172453316583794 0.15961802028422556 0.0 0.5903324065030274 0.0 0.40653193769044205 0.30985456642610876 0.01916422620701317 0.14572329255353958 0.4033421307398629 0.45911295130749563 0.7802457198518369 0.3906192539229906 0.7992105437087575 0.5232099738603903 0.5995066403577645 0.8183899565474423 0.92208290346606 0.6409239317351929 1.0 1.0 0.011550222272850233 0.0014458143707612166 0.0359739912895084 0.18720076368748303 0.9675279824847304 0.2772745425313432 0.9101618501550224 0.0 0.729658587967687 0.7512466569393697 0.0 0.48900651515607174 0.347179791640293 0.012907493875741891 0.23273226809691222 0.26405659667060183 0.769692836030488 0.6311395677481734 0.06661403939593663 4.938477819579736E-4 0.2532847410518342 0.7983973534998716 1.0 0.7155100594835557 1.0 0.22284822716172603 0.0 1.0 0.0 0.1638722310320002 0.3693544083437692 0.24429594441916908 0.24162105663077071 0.01619565219843347 0.5331380326160261 0.787651029912267 0.4218116619434408 0.352863234670095 0.012340943151883573 0.9183178498027182 0.5988809498190483 0.24838368790334386 0.0 1.0 0.8863922094079273 0.7189902893199638 0.7971321638787416 0.3254831446215657 0.11036019631535011 0.1420815529568939 0.9978352558996659 0.18278596494109423 0.7696738915580073 0.8140687614897516 0.21109161119317646 0.47032891358188267 0.15063662629757757 0.6973749185494713 0.9744745728668109 1.0 0.8240973575615256 0.04303602546511771 0.607223202905318 0.8852933858426988 0.025799886424683616 0.9023250215601737 1.0 0.1461408374267345 0.0 0.2386949994921778 0.11492596881408243 0.9529685510069221 0.7546772190857178 0.364112655470428 0.0 1.0 0.7378679002852372 0.5643631541491256 0.7973003151545994 0.7461463003927611 0.0011867925860581108 0.4980193781925559 0.0 0.7266864792530706 0.603819266470831 0.010264383020298707 0.2606454408876484 0.17163778324361362 
2 0.06304256689636015 0.06691878177803362 0.6442453385431194 0.1186623194246697 0.7921656685873564 0.3766263373536868 0.8611427279953928 0.8026512857178175 0.7006124639027012 0.0 0.23780353092784945 0.7591745791560821 0.5947124153461191 0.9565738971979659 0.3655512955733458 0.22266000274047407 1.0 0.17745917965077407 0.3505040658760506 0.5012154330746772 0.0 0.2718602410732596 0.36211790988282516 0.36247550633978715 0.9360832961730082 0.8204942199107891 0.17529088485705624 0.9418976881512088 0.056580495042625606 0.05206465388280128 0.0014391525560057668 0.5180275721064485 0.6140600697938582 0.007017895640588323 0.1523317975035922 0.874031525713922 0.6955956461036782 0.17277574283199 0.6076692199800404 0.027291751084040826 0.7960094886268116 0.8680166102796161 0.2936077398250385 0.28489960129205794 0.3523134190786259 0.47655589400572057 0.23243784018547875 0.5503444923621013 0.19206191903883102 0.32989220662286955 0.48731810073264836 0.029985842001092833 1.0 0.21907827178313036 0.959481540034558 0.40664589298272413 0.2673242335785967 0.028292893051257935 0.5796437182026535 0.6995776371555235 0.2043794985462009 0.49920983739532976 0.8481405180721171 0.20970581362188098 0.505852890047511 0.26273227133115307 0.14297279411008793 0.6775784512056492 0.4420876859956173 0.0 0.33192732970244015 0.2223390324278327 0.020409059143521244 0.1984687511355304 0.7177570270141007 0.9433143078247643 0.8292072094728359 0.5065292946466333 0.97790737028096 0.707796453446407 0.6045130351796684 0.45817160978597876 0.7144505524600273 0.604272002803709 0.0955450222046541 0.3635910459403217 0.0034183621549966053 0.0 1.0 0.0 0.9786732569307126 0.10576403286889463 0.9375011809243685 0.0034660657816240874 0.23512334020593764 0.833911474753515 0.0 0.44003441296620843 0.3983512182589678 0.00512093058409165 0.4553140523925691 0.4867997524197913 0.712679602987436 0.9942570580588743 0.0655385516936198 0.005971705406559653 0.22901804318836438 0.6575924396868521 0.4090413773021718 0.2698574639069919 0.7824812571163945 0.1415044485627165 0.0 0.9106595710943142 0.036696920040858116 0.018381564653782642 0.36342659540304895 0.06540287490854901 0.05413948126667528 0.4201917681761289 0.2477725742177444 0.7917293845605088 1.0 0.8174229516698707 0.021183729966420935 0.9605395580967255 0.4387556354610076 0.06003771053851062 0.0 1.0 0.7077533939853522 0.7946990326603423 0.7188435301319639 0.621086067687578 0.09969611006584968 0.010688986211983165 0.9949943616643865 0.11204301091517785 0.3872745225161317 0.6485661421981532 0.5096255919638814 0.645889695664303 0.1581580380344016 0.7145955976307796 0.8259789363948227 0.8864506823848811 0.14908220571793496 0.006938973997787909 0.8217730908199643 0.8260739979984317 0.0 0.9801665238593738 0.9546418097851261 0.10635567229742576 0.3658389570109131 0.37383163770012207 0.17668444639579522 1.0 0.5328843167279422 0.5982470122255572 0.0301809634146265 0.9265334420804816 0.5269256974620689 0.15772829407316605 0.5717775516280896 0.8049021460625242 0.16911131381741584 0.6545819203410403 0.0 0.8528501082293534 0.45792666736546045 0.0020902243190475175 0.25146471212507027 0.06142500254029973 
2 0.11537339344120762 0.02601982729740033 0.6151950444510694 0.08705974531098302 0.7716635628796568 0.5700753919656782 0.9434637472990499 0.9519298792447548 0.8197231941103409 0.011447048540045496 0.0 0.5994987525797482 0.2764137577570085 0.9718736244106203 0.21313785401325952 0.26933375615339905 1.0 0.13373074635206628 0.3535968526228183 0.557044816858902 0.0 0.2718602410732596 0.26890729749600717 0.3586811696472145 1.0 0.9578624499981028 0.17529088485705624 0.9059060968973143 0.042945105727275626 0.1444885653048827 0.0014391525560057668 0.857888231106861 0.6868099960963859 0.003643224141479268 0.13266687970624866 0.874031525713922 0.6955956461036782 0.20640770035006456 0.5794295128758578 0.025269060102456345 0.7424641558572647 0.6112021400022657 0.34666575610824424 0.17355146320168946 0.15961012227475946 0.6781790598063325 0.3183695812919566 0.5017224986642618 0.15679399818921258 0.41070949789358047 0.939435837121903 0.026526726234929538 1.0 0.17557834300472622 0.9074327630003631 0.4249072409358924 0.2673242335785967 0.024145923711252713 0.32366970095035763 0.7606485003697584 0.26335084944858034 0.5932665388236258 0.9636513018096534 0.18844001551583525 0.6935404848034794 0.26273227133115307 0.20394877216399154 0.49965703558099345 0.6723069048626346 0.0 0.34259452250439415 0.2293730069990068 0.024153417726455205 0.34443744662128756 0.7307441538351169 1.0 0.8898810772946841 0.4273896640172701 0.9730201709947753 0.7467307877697907 0.9157414757771035 0.45817160978597876 0.7836805904117063 0.5379345541298219 0.0 0.6831681173768906 0.0 0.0013061155157647897 1.0 0.0 1.0 0.26799753290570716 0.8494087576828081 0.015718752207618838 0.1199340235800164 0.7569217859451036 0.0 0.3747197273605878 0.38927454443767584 0.0 0.9526387916704825 0.44502536926698133 0.8335200772127518 0.9990862944966865 0.07333202241388329 0.006160933453008602 0.16916691444701762 0.7374197802445259 0.45501665445915396 0.35775502974177786 0.751571725654988 0.21608033670255872 0.20191474365785667 0.750839664583992 0.09988452677594159 0.04190418874724556 0.0 0.0 0.0 0.0 0.0 0.8979038696043753 0.717513309070162 0.899506307432774 0.027508812306352073 0.8966719957748862 0.18125382653952737 0.21301136886935862 0.0 0.9959990170787805 0.7077533939853522 0.7698673736237167 0.7114134543061705 0.6368931548972478 0.019618176783808852 0.010688986211983165 0.9951735945445132 0.08686421288166747 0.5163698512159719 0.6714400740502162 0.28896165618316133 0.5258298652471924 0.1581580380344016 0.7145955976307796 0.8259789363948227 0.8864506823848811 0.0 0.0 0.8955984819271126 0.8679631642644896 0.0 0.9209705789077187 0.8857469923401008 0.05317783614871288 0.07379491696588719 0.4275435009040468 0.0 0.9772078444113528 0.49377917223499157 0.6293710420688294 0.03655532955745396 0.9265334420804816 0.5070496681787526 0.4697104250521277 0.6929085846789164 0.8221016876494271 0.1929806628061521 0.7253783946831942 0.0052677989981727074 0.8542930291798956 0.15357629113637383 0.0010451121595237587 0.3351588940946721 0.03239552406302683 
2 0.012343848162396628 0.03102419697094224 0.3025795817052752 0.2943996587366933 0.8843123011410302 0.7455053590687202 0.8045403411587981 0.8236760965034069 0.7789781006934237 0.07204185903501864 0.25545790445322547 0.8795872895780411 0.7805204279271047 0.991549599786762 0.5450603474178566 0.12597774905605807 0.7351594814084748 0.2818011719930007 0.3959287635726285 0.5727142395086012 0.1420611804881597 0.2767256368938018 0.40264147815758244 0.43739162039384977 0.7989641225831714 0.828946841423799 0.10962078614216961 1.0 0.1072504756348976 0.016550789302948926 0.0011232410193215742 0.6010465861251744 0.8174449464027819 0.01602264342734923 0.05604185834063298 0.40486533680621506 0.8973265238149064 0.20378377163726874 0.7745843889361869 0.0 0.8364263769536673 0.333260544683744 0.44236045521544315 0.17348048969944613 0.5497532859906471 1.0 0.4137572686335261 0.4753080108098055 0.46426625306196256 0.3135049766880222 0.4056882753550961 0.034274336618014586 0.6560415902468988 0.19271719549641422 0.9695554254998998 0.5878336291808302 0.0 0.08091869190395443 0.6163789702410762 0.5917552706559328 0.08589075422199002 0.7899491754994322 0.8208275935613261 0.0 1.0 0.5172453316583794 0.15961802028422556 0.0 0.5903324065030274 0.0 0.40653193769044205 0.30985456642610876 0.01916422620701317 0.14572329255353958 0.4033421307398629 0.45911295130749563 0.7802457198518369 0.3906192539229906 0.7992105437087575 0.5232099738603903 0.5995066403577645 0.8183899565474423 0.92208290346606 0.6409239317351929 1.0 1.0 0.011550222272850233 0.0014458143707612166 0.0359739912895084 0.18720076368748303 0.9675279824847304 0.2772745425313432 0.9101618501550224 0.0 0.729658587967687 0.7512466569393697 0.0 0.48900651515607174 0.347179791640293 0.012907493875741891 0.23273226809691222 0.26405659667060183 0.769692836030488 0.6311395677481734 0.06661403939593663 4.938477819579736E-4 0.2532847410518342 0.7983973534998716 1.0 0.7155100594835557 1.0 0.22284822716172603 0.0 1.0 0.0 0.1638722310320002 0.3693544083437692 0.24429594441916908 0.24162105663077071 0.01619565219843347 0.5331380326160261 0.787651029912267 0.4218116619434408 0.352863234670095 0.012340943151883573 0.9183178498027182 0.5988809498190483 0.24838368790334386 0.0 1.0 0.8863922094079273 0.7189902893199638 0.7971321638787416 0.3254831446215657 0.11036019631535011 0.1420815529568939 0.9978352558996659 0.18278596494109423 0.7696738915580073 0.8140687614897516 0.21109161119317646 0.47032891358188267 0.15063662629757757 0.6973749185494713 0.9744745728668109 1.0 0.8240973575615256 0.04303602546511771 0.607223202905318 0.8852933858426988 0.025799886424683616 0.9023250215601737 1.0 0.1461408374267345 0.0 0.2386949994921778 0.11492596881408243 0.9529685510069221 0.7546772190857178 0.364112655470428 0.0 1.0 0.7378679002852372 0.5643631541491256 0.7973003151545994 0.7461463003927611 0.0011867925860581108 0.4980193781925559 0.0 0.7266864792530706 0.603819266470831 0.010264383020298707 0.2606454408876484 0.17163778324361362 
2 0.06304256689636015 0.025544387261051536 0.05977883748380386 0.30020259897912416 0.8843123011410302 0.6072694680603081 0.8486561983101701 0.8696260750529148 0.8699301200990812 0.04621082607623289 0.0 0.6914644053687206 0.8479707755452981 0.9801496189399228 0.33104134613614494 0.062231671217233275 0.7351594814084748 0.34387081838327105 0.5789609367972391 1.0 0.0 0.29102244220004503 0.34548192340402795 0.40661686871243474 1.0 0.8407999012208647 0.24482467112725737 0.958787948841514 0.0029821952807479665 0.016550789302948926 0.0011232410193215742 0.8564013100996188 1.0 0.0 0.13787147436717717 0.6468332097853595 0.7597279400642493 0.20378377163726874 1.0 0.009504847136779035 0.9148723017809223 0.3830039831841262 0.29132892330441773 0.2914847406905306 0.1710242820931671 0.45171420432632176 0.31632064744284116 0.5511610231541115 0.0691146628357115 0.4658640401142831 0.459520327728602 0.020635501817296634 0.7419061462104951 0.1866140182642913 0.9695554254998998 0.7210979274503924 0.0 0.0662366045616091 0.8560128172299283 0.31393620700263136 0.2838855630668585 0.473638918704361 0.830940719418249 0.0 0.49982040430464375 0.4858357547181926 0.19866877628618496 0.3622025348604366 0.49831801559156647 0.0 0.38159743193228723 0.33886753545622456 6.249229556499931E-4 0.14840093324446094 0.7995553376195503 0.7020940389251197 0.7737335941677466 0.3870188324032272 0.7359587334087792 0.6259164216744348 0.49174642563824605 0.043974620343675386 0.8590651769616005 0.604272002803709 1.0 0.9231197455246445 0.04270700932112941 7.877420756464146E-5 0.6635585236871806 0.287048673257395 0.9583863413016828 0.3782667190422564 0.8131912497162508 0.0 0.1554655501637499 0.7512466569393697 0.0 0.36395835071802546 0.40191569672367233 0.021550879709461724 0.7520811614713284 0.27349040913634 0.769692836030488 0.7953026798877834 0.10431669700703843 0.010508816874804197 0.21203806754962676 0.8839302963411604 0.6273426488018444 0.7155100594835557 0.9713600334986284 0.1841696604698459 0.0 0.8697632104985444 0.2876700525825566 0.24497030065549408 0.297171127633379 0.3213518581424205 0.24162105663077071 0.21902461784583022 0.7505620822959022 0.9280105946749775 0.4981042471010551 0.984661236785508 0.007163211355382018 0.8839515593369017 0.664434258615778 0.24838368790334386 0.0 0.9831898422200218 0.9702702938727154 0.7189902893199638 0.846865249037996 0.489001144757512 0.11036019631535011 0.08183967975657218 0.9969470104915437 0.13263671870708038 0.3356068519141181 0.8989409593378767 0.4410634677433757 0.5090020324037385 0.0018187290387303434 0.6960747175119469 1.0 0.956863255286407 0.2555794410768562 0.03911386624367492 0.5876952983146646 0.8994571975442989 0.019827083507328314 0.7926759041834895 1.0 0.09437212015549883 0.3935568086365224 0.29763493431258525 0.16289524256959348 0.9529685510069221 1.0 0.5447774083797721 0.06598198131961741 1.0 0.7378679002852372 0.620397776797644 0.7442513433215545 0.7837150141674277 0.18289289684374685 0.3825707488298277 0.014766508129226509 0.7654079617106023 1.0 0.0 0.4748275733846816 0.014563145839672366 
2 0.02944902184699609 0.0 0.1957474838773168 0.14148755076463054 0.8256469827390465 0.4165438960723469 0.8553506358117553 0.8342148189826594 0.9401365647388702 0.12640970424853223 0.18338864786756098 0.6624854802427202 0.7604053672247427 0.9448468730245478 0.11170799938048803 0.0255789591233809 0.8311295901819674 0.3411762884518424 0.17202365823535012 0.635469011595912 0.13432753876227652 0.282043340574851 0.5134721200045695 0.4702780635489519 0.9360832961730082 0.8204942199107891 0.08764544242852812 0.9288765919736581 0.09953625516857714 0.033895089966648535 0.0014128265946154177 0.6919367331297482 0.9383817391405292 0.017233256249475047 0.14007782725526996 0.7897634659564094 0.7001116219464214 0.12703183288013828 0.8058451482799237 0.03766093735084605 0.8223540911136176 0.7839555100090021 0.2936077398250385 0.24851333190558 0.4122751072588695 0.38458554054661687 0.3513567821235351 0.6052298404355065 0.5187571831633782 0.4996435709081621 0.3802580656601187 0.04013000416068971 1.0 0.21907827178313036 1.0 0.43409716914469376 0.2503542730000047 0.02159270856350222 0.5774560623434389 0.6718352078701846 0.1705384646792361 0.5248089825390483 0.8388700520076697 0.0014760837192881598 0.6015325087735022 0.26273227133115307 0.14451986509521436 0.5218638755167859 0.6838278167374701 0.0 0.3341888802167624 0.30784894607239743 0.01754204252543038 0.22800821799249288 0.8220027760880549 0.9433143078247643 0.8604971665444516 0.30821015745946645 0.7992105437087575 0.7225753912115449 0.6339990276602532 0.47658338915178067 0.7144505524600273 0.6135635896006969 0.13601213454542418 0.4393483624042332 0.0034183621549966053 0.0 0.7700948781542896 0.0459558255911183 0.9878790648326418 0.2608030422536808 0.8174231627312916 0.018615382186363084 0.13094781412980006 0.8526007468075257 0.0 0.3645031517367666 0.4373918579710471 0.010060080572045868 0.28277906997322527 0.30647907021393117 0.712679602987436 0.5385995022393147 0.07314748285477461 0.007676306571963223 0.22093876091400805 0.6575924396868521 0.5993763618672726 0.07408350670733216 0.8234225925160652 0.26909117993039816 0.07022250189573274 0.5658336727949935 0.036696920040858116 0.10474121174795073 0.37977753596239544 0.6378798643411725 0.3402681696005717 0.4201917681761289 0.7956939029392702 0.6517914849811892 1.0 0.5838034486946666 0.013778756809735622 0.9503549170126206 0.4832265339137372 0.37762474874029184 0.0 0.9943987115537654 0.8641938555375588 0.636355457772908 0.8392325164581879 0.5259200207945602 0.12608068957619348 0.12159945910387601 0.9953834946179724 0.11895756513562918 0.6566957402449705 0.8650459136478295 0.4763486082663166 0.4290615405010184 0.0 0.6923040181206946 0.8415637705790924 0.8792338578724942 0.39350276464107875 0.036708293370898926 0.764404674487697 0.8313604433841839 0.07989568839163685 0.9801665238593738 0.9788444402913812 0.10635567229742576 0.28356201246680285 0.37383163770012207 0.17668444639579522 0.9650467703829636 0.9428575102794676 0.5982470122255572 0.0383121298321521 0.8500732197360948 0.5269256974620689 0.21329990796996 0.8847910088898798 0.7901585349912741 0.24091598239926626 0.4787067366502266 0.0 0.6897424137369829 0.4879847340319503 0.001567668239285638 0.4005530206358022 0.06142500254029973 
2 0.06304256689636015 0.025544387261051536 0.3025795817052752 0.30020259897912416 0.8843123011410302 0.7035019488227843 0.8486561983101701 0.8167986888916081 0.9057194367889692 0.0 0.04199164723826676 0.6307897425120543 0.6873242110666218 0.9610249599241049 0.33104134613614494 0.062231671217233275 0.8375799259741705 0.5082154677318971 0.5789609367972391 0.4646542426827086 0.2303566866168113 0.29102244220004503 0.34548192340402795 0.41841396614305804 1.0 0.853617368957148 0.07768865335428879 1.0 0.0453790211197634 0.016550789302948926 0.0011232410193215742 0.7563780345459288 1.0 5.371052847404243E-4 0.13787147436717717 0.6902140562742267 0.7184843753161885 0.20378377163726874 1.0 0.08689101114486918 0.8951778253705011 0.3830039831841262 0.07008630449242206 0.09204322882305924 0.0 0.5756637442956815 0.41393933373236536 0.572487582236481 0.2880902181513267 0.6574132416061067 0.5288505326831145 0.020635501817296634 0.8771048806998039 0.1754397765524242 0.9914889273305262 0.5016688371189776 0.0 0.043348192472448505 0.8940837845704465 0.6551764315418256 0.21384314863110152 0.46521813152113417 0.830940719418249 0.0 0.6699811246754336 0.4858357547181926 0.19866877628618496 0.47686730523683757 0.5880659195701701 0.0 0.371372856949027 0.33886753545622456 0.0 0.11641813675457664 0.9833674905174277 0.7020940389251197 0.7737335941677466 0.3870188324032272 0.8148249823608046 0.6259164216744348 0.3958843668029327 0.043974620343675386 0.92208290346606 0.604272002803709 0.8131544771830858 0.9231197455246445 0.002891258116587317 0.0 0.6635585236871806 0.32242004378436784 0.9654845888373411 0.24995559333767137 0.7147659234771577 0.0 0.10623564157146304 0.6885823104324031 0.0 0.3903826565796686 0.41966899222159804 0.0 0.9907396135363229 0.2716744660203001 0.6285974904242768 0.7953026798877834 0.06381041249990904 0.006079882529920435 0.217341697293075 0.7127265161845865 0.6920586055365661 0.829281830882892 0.9713600334986284 0.20374867576374123 0.0 0.8513307735839837 0.171824471295387 0.25269909708087723 0.13658197067868363 0.4742708586825988 0.0 0.21902461784583022 0.7289930007927012 0.9648499221223001 0.5902554389618833 1.0 0.03411422482877266 0.8716117732882637 0.514226659187093 0.24838368790334386 0.0 0.9835676642383413 1.0 0.7189902893199638 0.846865249037996 0.6757371056992005 0.07145326755215697 0.0 0.9970210275088494 0.25800177819652453 0.7843366841809226 0.9096121250704787 0.5167870534861452 0.5468691385134553 0.0018187290387303434 0.6960747175119469 0.935097546874908 0.8910780155277047 0.0 0.013596482859586156 0.6736987278540356 0.8682584952273755 0.0 0.9340884189833938 1.0 0.178185013676465 0.4182717960069018 0.34077571564353715 0.15024843928117312 0.9296300693937423 0.9233221187755477 0.5447774083797721 0.06598198131961741 1.0 0.7986390376010344 0.618453987742208 0.7442513433215545 0.7293776125674357 0.18289289684374685 0.5581425678308314 0.0 0.601922186277617 1.0 0.0 0.33957529303907596 0.014563145839672366 
2 0.02944902184699609 0.0 0.1957474838773168 0.14148755076463054 0.8256469827390465 0.4165438960723469 0.8553506358117553 0.8342148189826594 0.9401365647388702 0.12640970424853223 0.18338864786756098 0.6624854802427202 0.7604053672247427 0.9448468730245478 0.11170799938048803 0.0255789591233809 0.8311295901819674 0.3411762884518424 0.17202365823535012 0.635469011595912 0.13432753876227652 0.282043340574851 0.5134721200045695 0.4702780635489519 0.9360832961730082 0.8204942199107891 0.08764544242852812 0.9288765919736581 0.09953625516857714 0.033895089966648535 0.0014128265946154177 0.6919367331297482 0.9383817391405292 0.017233256249475047 0.14007782725526996 0.7897634659564094 0.7001116219464214 0.12703183288013828 0.8058451482799237 0.03766093735084605 0.8223540911136176 0.7839555100090021 0.2936077398250385 0.24851333190558 0.4122751072588695 0.38458554054661687 0.3513567821235351 0.6052298404355065 0.5187571831633782 0.4996435709081621 0.3802580656601187 0.04013000416068971 1.0 0.21907827178313036 1.0 0.43409716914469376 0.2503542730000047 0.02159270856350222 0.5774560623434389 0.6718352078701846 0.1705384646792361 0.5248089825390483 0.8388700520076697 0.0014760837192881598 0.6015325087735022 0.26273227133115307 0.14451986509521436 0.5218638755167859 0.6838278167374701 0.0 0.3341888802167624 0.30784894607239743 0.01754204252543038 0.22800821799249288 0.8220027760880549 0.9433143078247643 0.8604971665444516 0.30821015745946645 0.7992105437087575 0.7225753912115449 0.6339990276602532 0.47658338915178067 0.7144505524600273 0.6135635896006969 0.13601213454542418 0.4393483624042332 0.0034183621549966053 0.0 0.7700948781542896 0.0459558255911183 0.9878790648326418 0.2608030422536808 0.8174231627312916 0.018615382186363084 0.13094781412980006 0.8526007468075257 0.0 0.3645031517367666 0.4373918579710471 0.010060080572045868 0.28277906997322527 0.30647907021393117 0.712679602987436 0.5385995022393147 0.07314748285477461 0.007676306571963223 0.22093876091400805 0.6575924396868521 0.5993763618672726 0.07408350670733216 0.8234225925160652 0.26909117993039816 0.07022250189573274 0.5658336727949935 0.036696920040858116 0.10474121174795073 0.37977753596239544 0.6378798643411725 0.3402681696005717 0.4201917681761289 0.7956939029392702 0.6517914849811892 1.0 0.5838034486946666 0.013778756809735622 0.9503549170126206 0.4832265339137372 0.37762474874029184 0.0 0.9943987115537654 0.8641938555375588 0.636355457772908 0.8392325164581879 0.5259200207945602 0.12608068957619348 0.12159945910387601 0.9953834946179724 0.11895756513562918 0.6566957402449705 0.8650459136478295 0.4763486082663166 0.4290615405010184 0.0 0.6923040181206946 0.8415637705790924 0.8792338578724942 0.39350276464107875 0.036708293370898926 0.764404674487697 0.8313604433841839 0.07989568839163685 0.9801665238593738 0.9788444402913812 0.10635567229742576 0.28356201246680285 0.37383163770012207 0.17668444639579522 0.9650467703829636 0.9428575102794676 0.5982470122255572 0.0383121298321521 0.8500732197360948 0.5269256974620689 0.21329990796996 0.8847910088898798 0.7901585349912741 0.24091598239926626 0.4787067366502266 0.0 0.6897424137369829 0.4879847340319503 0.001567668239285638 0.4005530206358022 0.06142500254029973 
2 0.03984163280953281 0.05136637686559796 0.11552620524002288 0.3478066674995706 0.8843123011410302 0.5179443725433641 0.864933567627227 0.8904060884896495 0.8699301200990812 0.021970307769589633 0.0 0.5713229417975021 0.7205992505070637 0.9755989650924999 0.3125988730994511 0.0 0.9337898703521187 0.4321301037476016 0.4119849941142084 0.8313771671678918 0.0 0.29102244220004503 0.34548192340402795 0.4383641038457661 0.8267782034764413 0.8104178375642712 0.1184204150780148 0.9929592261540359 0.10108606679683046 0.022474841969311238 9.289488678263875E-4 0.7563780345459288 0.7336229868977148 0.0 0.07095182755277876 0.751582413782464 0.7100876805319569 0.1689540719464136 1.0 0.021247367045434205 0.9376565732144967 0.3830039831841262 0.32930123465348027 0.1952830549615413 0.0 0.7709063874344018 0.40105281966935535 0.572487582236481 0.21267436933795356 0.4669707053553509 0.46841415942028664 0.020635501817296634 0.8702887973325479 0.19180507364750835 0.9586898667901705 0.5290555130356065 0.0 0.050168353526958503 1.0 0.5824163298747084 0.10692157431555076 0.36055043897425315 0.899411697008891 0.0 0.7414647493352685 0.17807481160197347 0.1850358958936606 0.3766672237167083 0.5880659195701701 0.0 0.31608239351965517 0.3361880420489868 6.249229556499931E-4 0.24986607953035808 0.7184427253386753 0.8259779833055838 0.8131606492456627 0.396220248186264 0.81807238055467 0.6810079167576432 0.49174642563824605 0.0 0.9364976569773841 0.48447826747211237 0.8131544771830858 0.9231197455246445 0.0063604088354864766 1.606460411956905E-4 0.6635585236871806 0.36539581099698115 0.9696541825020609 0.22134049857325508 0.9048125122096768 0.0 0.32794914811368686 0.78456864723971 0.0 0.38102910014089175 0.3539915192923999 0.008496740246360756 0.7614712721982111 0.385219764135645 0.7161467281833188 0.6763347683149852 0.1012279380940486 0.006079882529920435 0.18486620756523733 0.6575924396868522 0.5636828654541057 0.3934357771933401 0.800708313317028 0.28740828795496826 0.11934139430607221 0.792618846935648 0.41777248267066003 0.24497030065549408 0.3150151559070746 0.16874613196734356 0.0 0.19512377216173685 0.4926734450633412 0.7483194485535809 0.6827773734448084 0.7907807881389122 0.016782942411963334 0.8839515593369017 0.43050895894526997 0.24838368790334386 0.0 0.9915949211100109 0.9366628332583713 0.7543426412370875 0.846865249037996 0.489001144757512 0.11036019631535011 0.0 0.9960583321121441 0.17982506315586064 0.8423863443973871 1.0 0.5347983214006031 0.42288803834248395 0.0018187290387303434 0.6960747175119469 0.9906128570857761 0.956863255286407 0.43021965216795355 0.0525291460370573 0.7272307308822822 0.8994571975442989 0.0 0.9034801201474842 0.9579156842465768 0.09437212015549883 0.40140908780819334 0.34077571564353715 0.18085521581109418 0.9529685510069221 0.9233221187755477 0.5447774083797721 0.08437417085183735 0.9632667210402408 0.7378679002852372 0.3849142741106449 0.8723302511014435 0.7837150141674277 0.12170846253907423 0.6867383949469716 0.0 0.7654079617106023 0.6477004233787196 0.010264383020298707 0.5720909672392847 0.13032066971975503 
2 0.04641044944722304 0.04915695676064458 0.3025795817052752 0.2943996587366933 0.8843123011410302 0.6442812881722464 0.8464693640932734 0.8541754804970143 0.7789781006934237 0.11253219874499615 0.18743038675620638 0.8795872895780411 0.7032812169036462 1.0 0.5450603474178566 0.12597774905605807 0.7351594814084748 0.2818011719930007 0.5642834487509988 0.5727142395086012 0.0 0.2740899601532934 0.3327280376088036 0.43739162039384977 0.8600252017277829 0.828946841423799 0.2530153500166903 1.0 0.056580495042625606 0.016550789302948926 0.0011232410193215742 0.7563780345459288 1.0 0.012572995188482091 0.05604185834063298 0.592429608366667 0.7769957374592205 0.20378377163726874 0.8961592120881077 0.0 0.8820372335301974 0.3830039831841262 0.443670606300614 0.11848028931605947 0.3034026818964499 0.8037174413172518 0.419418881886432 0.4753080108098055 0.46426625306196256 0.4669707053553509 0.4056882753550961 0.03678390842201821 0.6582831646781622 0.21907827178313036 0.9695554254998998 0.5878336291808302 0.0 0.06408351389528608 0.7086497403091908 0.5923744521363496 0.14055215313602681 0.473638918704361 0.8208275935613261 0.0 0.8054834823820042 0.5172453316583794 0.15961802028422556 0.4168776975830767 0.5903324065030274 0.0 0.3451902387990886 0.31848180783193747 0.006867373734559472 0.12460873597381314 0.57009110965718 0.45911295130749563 0.7802457198518369 0.3906192539229906 0.7992105437087575 0.5232099738603903 0.5995066403577645 0.5407794154183295 0.92208290346606 0.604272002803709 0.7820335153359733 1.0 0.016913193791652348 0.0014458143707612166 0.0359739912895084 0.22283977314938266 0.9786732569307126 0.2772745425313432 0.8131912497162508 0.016350597381003383 0.27741295856229736 0.7512466569393697 0.0 0.36395835071802546 0.4018288543242968 0.008180039723567345 0.28690248354482345 0.27349040913634 0.769692836030488 0.7953026798877834 0.06661403939593663 0.003982780079234605 0.2532847410518342 0.7983973534998716 1.0 0.7155100594835557 1.0 0.22284822716172603 0.0 0.9356389904555572 0.0 0.24497030065549408 0.3693544083437692 0.3681955315974132 0.24162105663077071 0.01619565219843347 0.7474989673357565 0.787651029912267 0.37413269792000076 0.5620824465311829 0.012340943151883573 0.895040098665145 0.5988809498190483 0.24838368790334386 0.0 1.0 0.9076985952663874 0.7189902893199638 0.7971321638787416 0.3254831446215657 0.11036019631535011 0.1420815529568939 0.9978536297751528 0.18278596494109423 0.7696738915580073 0.8140687614897516 0.4410634677433757 0.2935373995578956 0.0018187290387303434 0.6973749185494713 1.0 1.0 0.5464672861404873 0.04493047883085657 0.6180282712291825 0.8852933858426988 0.025799886424683616 0.9023250215601737 1.0 0.03475046605558185 0.10377772051243866 0.2953298263840053 0.11492596881408243 0.9529685510069221 0.9233221187755477 0.45072352711410724 0.0 1.0 0.7378679002852372 0.515797770109371 0.7973003151545994 0.7837150141674277 0.08359697307077918 0.4980193781925559 0.0 0.7266864792530706 0.5904336299523301 0.0 0.2606454408876484 0.07471964014898842 
2 0.04641044944722304 0.04915695676064458 0.3025795817052752 0.2943996587366933 0.8843123011410302 0.6442812881722464 0.8464693640932734 0.8541754804970143 0.7789781006934237 0.11253219874499615 0.18743038675620638 0.8795872895780411 0.7032812169036462 1.0 0.5450603474178566 0.12597774905605807 0.7351594814084748 0.2818011719930007 0.5642834487509988 0.5727142395086012 0.0 0.2740899601532934 0.3327280376088036 0.43739162039384977 0.8600252017277829 0.828946841423799 0.2530153500166903 1.0 0.056580495042625606 0.016550789302948926 0.0011232410193215742 0.7563780345459288 1.0 0.012572995188482091 0.05604185834063298 0.592429608366667 0.7769957374592205 0.20378377163726874 0.8961592120881077 0.0 0.8820372335301974 0.3830039831841262 0.443670606300614 0.11848028931605947 0.3034026818964499 0.8037174413172518 0.419418881886432 0.4753080108098055 0.46426625306196256 0.4669707053553509 0.4056882753550961 0.03678390842201821 0.6582831646781622 0.21907827178313036 0.9695554254998998 0.5878336291808302 0.0 0.06408351389528608 0.7086497403091908 0.5923744521363496 0.14055215313602681 0.473638918704361 0.8208275935613261 0.0 0.8054834823820042 0.5172453316583794 0.15961802028422556 0.4168776975830767 0.5903324065030274 0.0 0.3451902387990886 0.31848180783193747 0.006867373734559472 0.12460873597381314 0.57009110965718 0.45911295130749563 0.7802457198518369 0.3906192539229906 0.7992105437087575 0.5232099738603903 0.5995066403577645 0.5407794154183295 0.92208290346606 0.604272002803709 0.7820335153359733 1.0 0.016913193791652348 0.0014458143707612166 0.0359739912895084 0.22283977314938266 0.9786732569307126 0.2772745425313432 0.8131912497162508 0.016350597381003383 0.27741295856229736 0.7512466569393697 0.0 0.36395835071802546 0.4018288543242968 0.008180039723567345 0.28690248354482345 0.27349040913634 0.769692836030488 0.7953026798877834 0.06661403939593663 0.003982780079234605 0.2532847410518342 0.7983973534998716 1.0 0.7155100594835557 1.0 0.22284822716172603 0.0 0.9356389904555572 0.0 0.24497030065549408 0.3693544083437692 0.3681955315974132 0.24162105663077071 0.01619565219843347 0.7474989673357565 0.787651029912267 0.37413269792000076 0.5620824465311829 0.012340943151883573 0.895040098665145 0.5988809498190483 0.24838368790334386 0.0 1.0 0.9076985952663874 0.7189902893199638 0.7971321638787416 0.3254831446215657 0.11036019631535011 0.1420815529568939 0.9978536297751528 0.18278596494109423 0.7696738915580073 0.8140687614897516 0.4410634677433757 0.2935373995578956 0.0018187290387303434 0.6973749185494713 1.0 1.0 0.5464672861404873 0.04493047883085657 0.6180282712291825 0.8852933858426988 0.025799886424683616 0.9023250215601737 1.0 0.03475046605558185 0.10377772051243866 0.2953298263840053 0.11492596881408243 0.9529685510069221 0.9233221187755477 0.45072352711410724 0.0 1.0 0.7378679002852372 0.515797770109371 0.7973003151545994 0.7837150141674277 0.08359697307077918 0.4980193781925559 0.0 0.7266864792530706 0.5904336299523301 0.0 0.2606454408876484 0.07471964014898842 
2 0.06304256689636015 0.025544387261051536 0.3025795817052752 0.30020259897912416 0.8843123011410302 0.6072694680603081 0.8486561983101701 0.8541754804970143 0.8699301200990812 0.04621082607623289 0.04199164723826676 0.6307897425120543 0.7032812169036462 0.9801496189399228 0.33104134613614494 0.062231671217233275 0.7351594814084748 0.358326262493884 0.5789609367972391 0.5909881003354115 0.0 0.29102244220004503 0.34548192340402795 0.47218977231483533 0.992203561454399 0.853617368957148 0.21995394128985407 0.9926114947031545 0.0453790211197634 0.016550789302948926 0.0011232410193215742 0.7563780345459288 1.0 5.371052847404243E-4 0.13787147436717717 0.6468332097853595 0.7184843753161885 0.20378377163726874 1.0 0.016662416752699655 0.8951778253705011 0.3830039831841262 0.29132892330441773 0.08921952370199027 0.0 0.5756637442956815 0.41393933373236536 0.572487582236481 0.2880902181513267 0.4669707053553509 0.459520327728602 0.020635501817296634 0.6139426749525336 0.21907827178313036 0.9695554254998998 0.5016688371189776 0.0 0.050168353526958503 0.8940837845704465 0.6551764315418256 0.21384314863110152 0.473638918704361 0.830940719418249 0.0 0.6699811246754336 0.4858357547181926 0.19866877628618496 0.3766672237167083 0.5880659195701701 0.0 0.38159743193228723 0.33886753545622456 6.249229556499931E-4 0.14840093324446094 0.7995553376195503 0.7020940389251197 0.7737335941677466 0.3870188324032272 0.8148249823608046 0.6259164216744348 0.49174642563824605 0.043974620343675386 0.92208290346606 0.604272002803709 0.8131544771830858 0.9231197455246445 0.018410639002054446 1.606460411956905E-4 0.6635585236871806 0.28333661387270437 0.9786732569307126 0.3782667190422564 0.8131912497162508 0.0 0.32794914811368686 0.7512466569393697 0.0 0.36395835071802546 0.3479974302734222 0.0 0.7363778303937227 0.27349040913634 0.769692836030488 0.7953026798877834 0.06125963833858427 0.006079882529920435 0.217341697293075 0.7437629828680477 0.6920586055365661 0.7155100594835557 0.9713600334986284 0.24097125657515195 0.0 0.8697632104985444 0.171824471295387 0.24497030065549408 0.297171127633379 0.16874613196734356 0.24162105663077071 0.21902461784583022 0.7505620822959022 0.9280105946749775 0.5902554389618833 1.0 0.007163211355382018 0.8839515593369017 0.5307222745283371 0.24838368790334386 0.0 0.9831898422200218 1.0 0.7189902893199638 0.846865249037996 0.489001144757512 0.11036019631535011 0.0 0.9970210275088494 0.17982506315586064 0.7843366841809226 0.8989409593378767 0.4410634677433757 0.35190814120631797 0.0018187290387303434 0.6960747175119469 0.958531147812854 0.956863255286407 0.0 0.03911386624367492 0.7240437759881652 0.8994571975442989 0.0 0.9182067202717837 1.0 0.09437212015549883 0.4182717960069018 0.34077571564353715 0.09103936297301539 0.9529685510069221 0.9233221187755477 0.5447774083797721 0.06598198131961741 1.0 0.7378679002852372 0.620397776797644 0.7442513433215545 0.7837150141674277 0.18289289684374685 0.5581425678308314 0.0 0.7654079617106023 0.8719801804661698 0.0 0.2606454408876484 0.014563145839672366 
2 0.11537339344120762 0.02601982729740033 0.6151950444510694 0.08705974531098302 0.7716635628796568 0.5700753919656782 0.9434637472990499 0.9519298792447548 0.8197231941103409 0.011447048540045496 0.0 0.5994987525797482 0.2764137577570085 0.9718736244106203 0.21313785401325952 0.26933375615339905 1.0 0.13373074635206628 0.3535968526228183 0.557044816858902 0.0 0.2718602410732596 0.26890729749600717 0.3586811696472145 1.0 0.9578624499981028 0.17529088485705624 0.9059060968973143 0.042945105727275626 0.1444885653048827 0.0014391525560057668 0.857888231106861 0.6868099960963859 0.003643224141479268 0.13266687970624866 0.874031525713922 0.6955956461036782 0.20640770035006456 0.5794295128758578 0.025269060102456345 0.7424641558572647 0.6112021400022657 0.34666575610824424 0.17355146320168946 0.15961012227475946 0.6781790598063325 0.3183695812919566 0.5017224986642618 0.15679399818921258 0.41070949789358047 0.939435837121903 0.026526726234929538 1.0 0.17557834300472622 0.9074327630003631 0.4249072409358924 0.2673242335785967 0.024145923711252713 0.32366970095035763 0.7606485003697584 0.26335084944858034 0.5932665388236258 0.9636513018096534 0.18844001551583525 0.6935404848034794 0.26273227133115307 0.20394877216399154 0.49965703558099345 0.6723069048626346 0.0 0.34259452250439415 0.2293730069990068 0.024153417726455205 0.34443744662128756 0.7307441538351169 1.0 0.8898810772946841 0.4273896640172701 0.9730201709947753 0.7467307877697907 0.9157414757771035 0.45817160978597876 0.7836805904117063 0.5379345541298219 0.0 0.6831681173768906 0.0 0.0013061155157647897 1.0 0.0 1.0 0.26799753290570716 0.8494087576828081 0.015718752207618838 0.1199340235800164 0.7569217859451036 0.0 0.3747197273605878 0.38927454443767584 0.0 0.9526387916704825 0.44502536926698133 0.8335200772127518 0.9990862944966865 0.07333202241388329 0.006160933453008602 0.16916691444701762 0.7374197802445259 0.45501665445915396 0.35775502974177786 0.751571725654988 0.21608033670255872 0.20191474365785667 0.750839664583992 0.09988452677594159 0.04190418874724556 0.0 0.0 0.0 0.0 0.0 0.8979038696043753 0.717513309070162 0.899506307432774 0.027508812306352073 0.8966719957748862 0.18125382653952737 0.21301136886935862 0.0 0.9959990170787805 0.7077533939853522 0.7698673736237167 0.7114134543061705 0.6368931548972478 0.019618176783808852 0.010688986211983165 0.9951735945445132 0.08686421288166747 0.5163698512159719 0.6714400740502162 0.28896165618316133 0.5258298652471924 0.1581580380344016 0.7145955976307796 0.8259789363948227 0.8864506823848811 0.0 0.0 0.8955984819271126 0.8679631642644896 0.0 0.9209705789077187 0.8857469923401008 0.05317783614871288 0.07379491696588719 0.4275435009040468 0.0 0.9772078444113528 0.49377917223499157 0.6293710420688294 0.03655532955745396 0.9265334420804816 0.5070496681787526 0.4697104250521277 0.6929085846789164 0.8221016876494271 0.1929806628061521 0.7253783946831942 0.0052677989981727074 0.8542930291798956 0.15357629113637383 0.0010451121595237587 0.3351588940946721 0.03239552406302683 
2 0.06304256689636015 0.012799711363674228 0.1957474838773168 0.17437101196573504 0.8155234448461207 0.4165438960723469 0.8670212281718848 0.8342148189826594 0.9401365647388702 0.032973241252311936 0.18338864786756098 0.6624854802427202 0.7406491958127874 0.9796388015662175 0.2780899961166687 0.0 0.8406190190211904 0.3411762884518424 0.3472756911733754 0.635469011595912 0.13432753876227652 0.282043340574851 0.3979475086094292 0.4702780635489519 0.9360832961730082 0.8204942199107891 0.17529088485705624 0.9288765919736581 0.056580495042625606 0.033895089966648535 0.0016385147240665305 0.6919367331297482 0.9383817391405292 0.007017895640588323 0.14007782725526996 0.9157532494852141 0.7001116219464214 0.12703183288013828 0.8096528912386194 0.03766093735084605 0.8223540911136176 0.7839555100090021 0.2936077398250385 0.24851333190558 0.1959653472395665 0.38458554054661687 0.3513567821235351 0.7542513133165909 0.2880902181513267 0.4996435709081621 0.48731810073264836 0.04013000416068971 1.0 0.21907827178313036 0.9754852336825421 0.43409716914469376 0.2503542730000047 0.02159270856350222 0.5796437182026535 0.6718352078701846 0.1705384646792361 0.41968431858470023 0.8388700520076697 0.0014760837192881598 0.6015325087735022 0.26273227133115307 0.14451986509521436 0.6228520241538441 0.6838278167374701 0.0 0.33192732970244015 0.30784894607239743 0.0111358058116739 0.1984687511355304 0.8220027760880549 0.9433143078247643 0.8063584479381365 0.38645824153277464 0.7992105437087575 0.7225753912115449 0.6045130351796684 0.22908580489298938 0.7144505524600273 0.6135635896006969 0.19683244566150254 0.3635910459403217 0.0034183621549966053 0.0 0.979449081319315 0.0459558255911183 0.9878790648326418 0.2608030422536808 0.8174231627312916 0.0034660657816240874 0.13094781412980006 0.8310335213682282 0.0 0.3645031517367666 0.4373918579710471 0.010060080572045868 0.7346369022245132 0.24339987620989564 0.712679602987436 0.7648347055536178 0.057306391367272856 0.007676306571963223 0.22901804318836438 0.6575924396868521 0.6380619900216008 0.2529610215782211 0.7535345875242954 0.26909117993039816 0.015425973165040727 0.5897909466000112 0.036696920040858116 0.13297448134967788 0.37977753596239544 0.6378798643411725 0.05413948126667528 0.4201917681761289 0.7956939029392702 0.757381248992754 1.0 0.9765890240146856 0.01670376850254173 0.9352727975087032 0.4832265339137372 0.29051545640654586 0.0 0.9943987115537654 0.8641938555375588 0.636355457772908 0.8392325164581879 0.5259200207945602 0.12608068957619348 0.1269439522098676 0.9953834946179724 0.11895756513562918 0.600228485582696 0.7987831187929595 0.6567162022031809 0.4290615405010184 0.0 0.6923040181206946 0.8259789363948227 0.8792338578724942 0.14908220571793496 0.04021099374151796 0.8296829612320914 0.9186746602084266 0.07989568839163685 0.9801665238593738 0.9967261255385493 0.10635567229742576 0.2957444835793671 0.37383163770012207 0.17668444639579522 0.9650467703829636 0.9428575102794676 0.5982470122255572 0.028788009137038408 0.852521827105251 0.5269256974620689 0.23566278600537943 0.8847910088898798 0.8049021460625242 0.3342044893964853 0.4787067366502266 0.0 0.82803619496189 0.5647728796001372 0.001567668239285638 0.4005530206358022 0.06142500254029973 
2 0.03984163280953281 0.05136637686559796 0.11552620524002288 0.3478066674995706 0.8843123011410302 0.5179443725433641 0.864933567627227 0.8904060884896495 0.8699301200990812 0.021970307769589633 0.0 0.5713229417975021 0.7205992505070637 0.9755989650924999 0.3125988730994511 0.0 0.9337898703521187 0.4321301037476016 0.4119849941142084 0.8313771671678918 0.0 0.29102244220004503 0.34548192340402795 0.4383641038457661 0.8267782034764413 0.8104178375642712 0.1184204150780148 0.9929592261540359 0.10108606679683046 0.022474841969311238 9.289488678263875E-4 0.7563780345459288 0.7336229868977148 0.0 0.07095182755277876 0.751582413782464 0.7100876805319569 0.1689540719464136 1.0 0.021247367045434205 0.9376565732144967 0.3830039831841262 0.32930123465348027 0.1952830549615413 0.0 0.7709063874344018 0.40105281966935535 0.572487582236481 0.21267436933795356 0.4669707053553509 0.46841415942028664 0.020635501817296634 0.8702887973325479 0.19180507364750835 0.9586898667901705 0.5290555130356065 0.0 0.050168353526958503 1.0 0.5824163298747084 0.10692157431555076 0.36055043897425315 0.899411697008891 0.0 0.7414647493352685 0.17807481160197347 0.1850358958936606 0.3766672237167083 0.5880659195701701 0.0 0.31608239351965517 0.3361880420489868 6.249229556499931E-4 0.24986607953035808 0.7184427253386753 0.8259779833055838 0.8131606492456627 0.396220248186264 0.81807238055467 0.6810079167576432 0.49174642563824605 0.0 0.9364976569773841 0.48447826747211237 0.8131544771830858 0.9231197455246445 0.0063604088354864766 1.606460411956905E-4 0.6635585236871806 0.36539581099698115 0.9696541825020609 0.22134049857325508 0.9048125122096768 0.0 0.32794914811368686 0.78456864723971 0.0 0.38102910014089175 0.3539915192923999 0.008496740246360756 0.7614712721982111 0.385219764135645 0.7161467281833188 0.6763347683149852 0.1012279380940486 0.006079882529920435 0.18486620756523733 0.6575924396868522 0.5636828654541057 0.3934357771933401 0.800708313317028 0.28740828795496826 0.11934139430607221 0.792618846935648 0.41777248267066003 0.24497030065549408 0.3150151559070746 0.16874613196734356 0.0 0.19512377216173685 0.4926734450633412 0.7483194485535809 0.6827773734448084 0.7907807881389122 0.016782942411963334 0.8839515593369017 0.43050895894526997 0.24838368790334386 0.0 0.9915949211100109 0.9366628332583713 0.7543426412370875 0.846865249037996 0.489001144757512 0.11036019631535011 0.0 0.9960583321121441 0.17982506315586064 0.8423863443973871 1.0 0.5347983214006031 0.42288803834248395 0.0018187290387303434 0.6960747175119469 0.9906128570857761 0.956863255286407 0.43021965216795355 0.0525291460370573 0.7272307308822822 0.8994571975442989 0.0 0.9034801201474842 0.9579156842465768 0.09437212015549883 0.40140908780819334 0.34077571564353715 0.18085521581109418 0.9529685510069221 0.9233221187755477 0.5447774083797721 0.08437417085183735 0.9632667210402408 0.7378679002852372 0.3849142741106449 0.8723302511014435 0.7837150141674277 0.12170846253907423 0.6867383949469716 0.0 0.7654079617106023 0.6477004233787196 0.010264383020298707 0.5720909672392847 0.13032066971975503 
2 0.06304256689636015 0.012799711363674228 0.1957474838773168 0.17437101196573504 0.8155234448461207 0.4165438960723469 0.8670212281718848 0.8342148189826594 0.9401365647388702 0.032973241252311936 0.18338864786756098 0.6624854802427202 0.7406491958127874 0.9796388015662175 0.2780899961166687 0.0 0.8406190190211904 0.3411762884518424 0.3472756911733754 0.635469011595912 0.13432753876227652 0.282043340574851 0.3979475086094292 0.4702780635489519 0.9360832961730082 0.8204942199107891 0.17529088485705624 0.9288765919736581 0.056580495042625606 0.033895089966648535 0.0016385147240665305 0.6919367331297482 0.9383817391405292 0.007017895640588323 0.14007782725526996 0.9157532494852141 0.7001116219464214 0.12703183288013828 0.8096528912386194 0.03766093735084605 0.8223540911136176 0.7839555100090021 0.2936077398250385 0.24851333190558 0.1959653472395665 0.38458554054661687 0.3513567821235351 0.7542513133165909 0.2880902181513267 0.4996435709081621 0.48731810073264836 0.04013000416068971 1.0 0.21907827178313036 0.9754852336825421 0.43409716914469376 0.2503542730000047 0.02159270856350222 0.5796437182026535 0.6718352078701846 0.1705384646792361 0.41968431858470023 0.8388700520076697 0.0014760837192881598 0.6015325087735022 0.26273227133115307 0.14451986509521436 0.6228520241538441 0.6838278167374701 0.0 0.33192732970244015 0.30784894607239743 0.0111358058116739 0.1984687511355304 0.8220027760880549 0.9433143078247643 0.8063584479381365 0.38645824153277464 0.7992105437087575 0.7225753912115449 0.6045130351796684 0.22908580489298938 0.7144505524600273 0.6135635896006969 0.19683244566150254 0.3635910459403217 0.0034183621549966053 0.0 0.979449081319315 0.0459558255911183 0.9878790648326418 0.2608030422536808 0.8174231627312916 0.0034660657816240874 0.13094781412980006 0.8310335213682282 0.0 0.3645031517367666 0.4373918579710471 0.010060080572045868 0.7346369022245132 0.24339987620989564 0.712679602987436 0.7648347055536178 0.057306391367272856 0.007676306571963223 0.22901804318836438 0.6575924396868521 0.6380619900216008 0.2529610215782211 0.7535345875242954 0.26909117993039816 0.015425973165040727 0.5897909466000112 0.036696920040858116 0.13297448134967788 0.37977753596239544 0.6378798643411725 0.05413948126667528 0.4201917681761289 0.7956939029392702 0.757381248992754 1.0 0.9765890240146856 0.01670376850254173 0.9352727975087032 0.4832265339137372 0.29051545640654586 0.0 0.9943987115537654 0.8641938555375588 0.636355457772908 0.8392325164581879 0.5259200207945602 0.12608068957619348 0.1269439522098676 0.9953834946179724 0.11895756513562918 0.600228485582696 0.7987831187929595 0.6567162022031809 0.4290615405010184 0.0 0.6923040181206946 0.8259789363948227 0.8792338578724942 0.14908220571793496 0.04021099374151796 0.8296829612320914 0.9186746602084266 0.07989568839163685 0.9801665238593738 0.9967261255385493 0.10635567229742576 0.2957444835793671 0.37383163770012207 0.17668444639579522 0.9650467703829636 0.9428575102794676 0.5982470122255572 0.028788009137038408 0.852521827105251 0.5269256974620689 0.23566278600537943 0.8847910088898798 0.8049021460625242 0.3342044893964853 0.4787067366502266 0.0 0.82803619496189 0.5647728796001372 0.001567668239285638 0.4005530206358022 0.06142500254029973 
2 0.03326423489827421 0.0 0.5 0.20796928499840608 0.8130193876134684 0.5720542026706005 0.9337947505500663 0.8183708507268697 0.9930467946547785 0.0 0.18743038675620638 0.7603706863349036 0.6812391003270449 0.9694005455746912 0.0 0.17123997297582902 0.6526514084888657 0.4765496548900257 0.8205966966077936 0.4168587337080845 0.4015629814617786 0.2843443602864437 0.3510124504289762 0.48039176542358053 0.9939479517978445 0.8921832165346236 0.5060307000333806 0.969345279351523 0.07494148588747535 0.02446612113986117 9.076929230016152E-4 0.8743903992230583 0.7770748087825221 0.017481577665476276 0.21600201215924542 0.8411472222661955 0.7594124763572778 0.12703183288013828 0.939207442676823 0.20512619232511448 0.7973073905977912 0.462915859000727 0.20081944097345106 0.21212706251910207 0.10279782981766256 0.4355508033320177 0.22751608639395324 0.7965231646321578 0.2880902181513267 0.6192599155820472 0.3888342437283153 0.018391954211009105 0.7179565095556532 0.267228857299899 1.0 0.43409716914469376 0.09957744264203125 0.0 0.6899847698120649 1.0 0.2349507550804919 0.7990594089378558 0.8815355219880724 0.010313747535962009 0.505852890047511 0.05426037521197073 0.17401605099796763 0.6778610557046397 0.5705900414483527 0.0 0.35805429118472537 0.16780723740119768 0.005240957842555278 0.31323405363534196 0.7908800039481362 0.9477426165541755 0.755544357397405 0.5292296534122337 0.767301676385509 0.9397826612200766 0.7844795705609633 0.45871809171659833 0.7430139241711442 0.6812884491165021 0.4888212804895643 0.0 0.0479765910156988 0.0 1.0 0.10870170962230045 0.9887541751995974 0.3782667190422564 0.8721415982075218 0.0 0.033737175607334746 0.8783160257615134 0.0 0.18115487607839081 0.33839211515987483 0.00461387580407982 0.9204993523114939 0.5163220343300593 0.7498062964177816 1.0 0.024388736087232 0.004553294804113409 0.1887878087669203 0.6056231405533781 0.06910685696509838 0.8317507253497995 0.20504229301950216 0.16925351079415588 0.0 0.7697150350389923 0.28886738345269314 0.16975234801714967 0.30289030020040875 0.3893999219801184 0.0 0.5478994428408573 0.5972375690791697 0.6649598023673369 1.0 1.0 0.009208133902538992 0.9534444977248536 0.3105707237883708 0.19240277369280664 0.0 0.9680477587783745 0.6671395722497655 0.699070419660022 0.866338547519087 0.8507727499251232 0.15681189380463711 0.2841631059137878 0.9958600668334221 0.1170792522166377 0.5227052618193535 0.8693104425066375 0.391023170047369 0.3995909147231773 0.0018187290387303434 0.8980182838096507 0.6909821023559124 0.7376441693431439 0.41241285899736013 0.020529132419023478 0.9027768011958408 0.886942821216595 0.041516407154090024 1.0 1.0 0.20651688385404282 0.42134837133100067 0.5402313404251101 0.20356553361242155 0.9896624640337854 0.7529632321477343 1.0 0.12872135896417575 0.8661911613215972 0.5371158045622193 0.4564478572218261 0.9188885843735572 0.8699324134108861 0.2184231366352707 0.8286490791970238 0.0 0.8013412208816176 0.7447998971209362 0.0 0.33144137222219583 0.1401001296010297 
2 0.06304256689636015 0.025544387261051536 0.3025795817052752 0.35404872152682315 0.9726347594618254 0.9023875533449233 0.8486561983101701 0.8688954432974013 0.9772856548702928 0.04568354834542993 0.04199164723826676 0.6307897425120543 0.8348890995732929 0.9801496189399228 0.33104134613614494 0.04367161676964722 0.6027392221127121 0.358326262493884 0.6927479759943682 0.5909881003354115 0.0 0.3067504486050447 0.34548192340402795 0.47218977231483533 0.992203561454399 0.8701789434803275 0.20306705242367853 0.9926114947031545 0.0453790211197634 0.0 0.0011232410193215742 0.9121585504746628 1.0 1.3427632118510609E-4 0.13787147436717717 0.6468332097853595 0.7184843753161885 0.20378377163726874 1.0 0.016662416752699655 0.9393019755408529 0.150083023585115 0.3719938263000909 0.20149143398979552 0.0 0.6095147137225594 0.39810897053324523 0.572487582236481 0.2880902181513267 0.48515142240598996 0.459520327728602 0.020635501817296634 0.6139426749525336 0.21907827178313036 0.9695554254998998 0.6315004349270839 0.0 0.07118359453063543 0.9559666117798735 0.6551764315418256 0.21384314863110152 0.473638918704361 0.830940719418249 0.0 0.6699811246754336 0.6155218862324383 0.24126503433351237 0.3766672237167083 0.3913259969100424 0.0 0.4186138218002473 0.33886753545622456 0.0 0.11548851228247826 0.7995553376195503 0.7020940389251197 0.738267512332782 0.3870188324032272 0.847900881228022 0.47774236907951023 0.49174642563824605 0.043974620343675386 0.92208290346606 0.571766234497489 0.8131544771830858 1.0 0.02410046033313594 1.606460411956905E-4 0.6635585236871806 0.42193192785297085 0.9786732569307126 0.3782667190422564 0.8167574750131479 0.0 0.32794914811368686 0.7720425949685215 0.0 0.36395835071802546 0.33591794202246367 2.138225117316421E-4 0.7671188268403226 0.11146194514130384 0.769692836030488 0.7240143654927481 0.06125963833858427 0.006079882529920435 0.2097846712695538 0.7437629828680477 0.6920586055365661 1.0 0.9796904873222334 0.22308491017814963 0.0 0.8697632104985444 0.13552999703450003 0.24497030065549408 0.297171127633379 0.2764319411753182 0.24162105663077071 0.21902461784583022 0.9437732113947145 0.9280105946749775 0.3798933875669306 1.0 0.007163211355382018 0.8492050901429258 0.6113244651537642 0.17259488158541503 0.0 0.9831898422200218 1.0 0.8029769848365311 0.846865249037996 0.489001144757512 0.11036019631535011 0.02765661048378136 0.9976911855193673 0.23434043012822534 0.7843366841809226 0.8776212508979258 0.41647562125409365 0.35190814120631797 0.0018187290387303434 0.64508902592026 0.958531147812854 0.956863255286407 0.0 0.03911386624367492 0.7240437759881652 0.923867449997885 0.0 0.9182067202717837 1.0 0.12388651021975342 0.4182717960069018 0.43760703014648283 0.06026343056023967 0.9450102577665466 0.9233221187755477 0.4819581143006699 0.06598198131961741 1.0 0.8448357921943557 0.620397776797644 0.7442513433215545 0.7837150141674277 0.1647142869230382 0.6029367259808246 0.0 0.7654079617106023 1.0 0.0 0.09431959489972869 0.014563145839672366 
2 0.0 0.05489503413727623 0.168421850903018 0.1710806728447215 0.7198025160097552 0.4402015092787127 0.9229905733215631 0.8117953844218233 0.8779118136705923 0.1179367255275019 0.4444423214682718 0.7603706863349036 0.6901053224562168 0.9694005455746912 0.0 0.3027513287911713 0.6172041503809397 0.3852061920038226 0.6994145964214225 0.41328798162769165 0.23962772559027146 0.30866694766592107 0.49140117443106074 0.5370453743541628 0.850583350699345 0.8726931456784774 0.64856125325098 0.9181115292497423 0.11936000347747386 0.036094475167851664 7.121656702071379E-4 0.438842611012604 1.0 0.05604800596232624 0.27080803216974203 0.6597928497439154 0.809448873707947 0.0665717825183639 1.0 0.3003686658024813 0.8183332553013927 0.7100775883355284 0.3776865044390336 0.04227188805462491 0.16799223416070697 0.990010562849327 0.3208027840231761 0.7965231646321578 0.12651440756267382 0.8620236747008478 0.49417658974480744 0.020465339796070667 0.7174246207207442 0.6400800415723156 1.0 0.5841699157174497 0.10981340764249584 0.0 0.6238956482581322 1.0 0.17174717982586563 0.9459607774610157 0.6140621323145304 0.28662956057005184 0.2801149004739575 0.1577399291982086 0.10685661849050959 0.8223964778532638 0.3101989181192327 0.0 0.45795350605025686 0.1887277512935356 0.012296852472453698 0.15759694840299357 0.5536103242254978 0.5848197528284022 0.7651021926054261 0.8294969149318975 0.74437524734154 1.0 0.6168348186039267 0.0 0.8094157970689283 0.5674426320510516 0.576171093552585 0.0 0.06503813643041191 0.0 0.7546876674319271 0.0 0.9803396486020448 0.23877020044056102 1.0 0.05375030082614872 0.9915996229241871 0.8783160257615134 0.0 0.47491541826875394 0.44748835987555957 0.0 0.8752863049071574 0.621878083420097 0.6256832167832767 0.779295848558413 0.05604458752802287 0.0 0.23641631055886658 0.7034224005427232 0.02902091541171209 1.0 0.18041826805607133 0.2397508205985396 0.0 0.8228246341395768 0.4890907304106799 0.07870101801601809 0.17233279206630217 0.0 0.28532044465639306 0.4745379378186795 0.7283550078382793 0.6208425630951309 0.17350824437039952 0.15461881663588561 0.015595362968650743 0.9679455934615468 0.5165213785889113 0.39238342396240744 0.0 0.9975442049955222 0.7439872097004483 0.7363001127478872 0.6827972249723925 0.8459858202472132 0.01805933743686028 0.32078915759621085 1.0 0.11670270239888701 1.0 0.8448513886284104 0.4667194377441434 0.6596970152422745 0.0027280935580955012 0.9650400561604398 0.7579109469696717 0.7083767457390935 0.0 0.08235536691683393 0.8842996962590908 0.8705696259429601 0.0 1.0 0.9911621404696664 0.10915826015829187 0.523785414059805 0.5391322448901376 0.18926713008549742 1.0 0.6345868963481686 0.7529591618186635 0.2112853355190325 0.8064502934986433 0.6931799189790129 1.0 0.9844308202264258 0.9715595873799439 0.24353196212208877 0.8286490791970238 0.0 1.0 0.8441963088905429 0.014444831658393742 0.10145881535333462 0.2960800456968953 
2 0.0 0.0 0.8125 0.07794350650292832 0.7818078498291456 0.0 0.8537134791441722 0.8078192914446471 0.59050436510967 0.3019564320920732 0.6340345470177371 0.8786304038349839 0.41013922917964657 1.0 0.4029956667726534 0.4747473365018562 1.0 0.0 0.0 0.0 0.0 0.26950252737390207 0.3000690338453886 0.4515837773659652 0.7139983552534102 0.9168590292546828 0.0 1.0 0.14598003579913332 0.0933765538918897 0.0021060769112279517 0.4248083376100329 0.44425895326652265 0.03281473419199085 0.0 0.6220519586563126 0.8155113232665568 0.2477330318373171 0.18374590524074835 0.034084080048384924 0.6464932362019193 0.608112737023862 0.447938448998216 0.0 0.7413290787412015 1.0 0.46751192283179177 0.10077229623034656 0.6231558854511772 0.09039758073329673 0.42175520847195513 0.06882048360958734 0.8561904540347788 0.14233556777360712 0.9679926127040318 0.43509947981933206 0.2549581614046694 0.0022190319887557576 0.3386282245120269 0.7723940712820452 0.0 0.6458612780449159 0.931810599336363 0.4096979554566806 0.7131500773670123 0.0 0.1356715363617482 0.11013527813561405 0.415221288076767 0.0 0.37477087208515847 0.14093977048759268 0.0515920387424485 0.30586138999687995 0.6373301130578002 0.12541388148401705 1.0 0.35749374922358323 1.0 0.5226600250394172 0.8416621123197204 0.6624148287987435 0.9791702482925644 0.764207802775525 0.20482626237272722 0.7674280782831939 0.0 0.0 0.38362710120497634 0.0 0.9761499761921932 0.2473816851954731 0.9294095485732887 0.03863205439043189 1.0 0.7369938627116971 0.0 0.40724306066530214 0.26454107766001456 0.017207303004453153 0.0 0.5643540060598566 0.6461154452448026 0.26744177400636615 0.1218309921621588 0.0 0.23846202935108274 0.7196653730537744 0.4412097075326904 0.0 1.0 0.15762529693167968 0.0 0.7051001213421448 0.38609595490016824 0.0 0.15471944210806937 0.0 0.6335984722618934 0.0 0.3415633756632447 0.5805498565373791 1.0 0.1828727599802038 0.02640267346854465 0.9907037971045606 0.3091816155070592 0.0 0.0 1.0 0.9707989738612387 0.8678550485824046 0.5501443188966286 0.6039321310840641 0.0 0.0 0.9973554353803096 0.18033356483990068 0.8059529063081377 0.6461490076005196 0.14875820218112046 0.21115039120062748 0.4061568484384487 0.9006186858846994 0.7618155178489785 0.9043327988520828 0.6332818847107748 1.0426871622649936E-5 0.8312189218559844 0.8314555949035608 0.0 1.0 0.8499836218457644 0.055679782919593364 0.0 0.36145523464547424 0.002440339886495141 0.9992944150985964 0.4082400451375044 0.7532021338803861 0.028746153274837774 0.9857756400943014 0.7366124132095433 0.2959967875283821 0.5717114920557633 0.7487316590479413 0.0 0.8642664338501743 0.0 0.6426759290005524 0.0 0.0 0.0 0.21889297969188345 
2 0.06304256689636015 0.025544387261051536 0.3025795817052752 0.30020259897912416 0.8843123011410302 0.6072694680603081 0.8486561983101701 0.8541754804970143 0.8699301200990812 0.04621082607623289 0.04199164723826676 0.6307897425120543 0.7032812169036462 0.9801496189399228 0.33104134613614494 0.062231671217233275 0.7351594814084748 0.358326262493884 0.5789609367972391 0.5909881003354115 0.0 0.29102244220004503 0.34548192340402795 0.47218977231483533 0.992203561454399 0.853617368957148 0.21995394128985407 0.9926114947031545 0.0453790211197634 0.016550789302948926 0.0011232410193215742 0.7563780345459288 1.0 5.371052847404243E-4 0.13787147436717717 0.6468332097853595 0.7184843753161885 0.20378377163726874 1.0 0.016662416752699655 0.8951778253705011 0.3830039831841262 0.29132892330441773 0.08921952370199027 0.0 0.5756637442956815 0.41393933373236536 0.572487582236481 0.2880902181513267 0.4669707053553509 0.459520327728602 0.020635501817296634 0.6139426749525336 0.21907827178313036 0.9695554254998998 0.5016688371189776 0.0 0.050168353526958503 0.8940837845704465 0.6551764315418256 0.21384314863110152 0.473638918704361 0.830940719418249 0.0 0.6699811246754336 0.4858357547181926 0.19866877628618496 0.3766672237167083 0.5880659195701701 0.0 0.38159743193228723 0.33886753545622456 6.249229556499931E-4 0.14840093324446094 0.7995553376195503 0.7020940389251197 0.7737335941677466 0.3870188324032272 0.8148249823608046 0.6259164216744348 0.49174642563824605 0.043974620343675386 0.92208290346606 0.604272002803709 0.8131544771830858 0.9231197455246445 0.018410639002054446 1.606460411956905E-4 0.6635585236871806 0.28333661387270437 0.9786732569307126 0.3782667190422564 0.8131912497162508 0.0 0.32794914811368686 0.7512466569393697 0.0 0.36395835071802546 0.3479974302734222 0.0 0.7363778303937227 0.27349040913634 0.769692836030488 0.7953026798877834 0.06125963833858427 0.006079882529920435 0.217341697293075 0.7437629828680477 0.6920586055365661 0.7155100594835557 0.9713600334986284 0.24097125657515195 0.0 0.8697632104985444 0.171824471295387 0.24497030065549408 0.297171127633379 0.16874613196734356 0.24162105663077071 0.21902461784583022 0.7505620822959022 0.9280105946749775 0.5902554389618833 1.0 0.007163211355382018 0.8839515593369017 0.5307222745283371 0.24838368790334386 0.0 0.9831898422200218 1.0 0.7189902893199638 0.846865249037996 0.489001144757512 0.11036019631535011 0.0 0.9970210275088494 0.17982506315586064 0.7843366841809226 0.8989409593378767 0.4410634677433757 0.35190814120631797 0.0018187290387303434 0.6960747175119469 0.958531147812854 0.956863255286407 0.0 0.03911386624367492 0.7240437759881652 0.8994571975442989 0.0 0.9182067202717837 1.0 0.09437212015549883 0.4182717960069018 0.34077571564353715 0.09103936297301539 0.9529685510069221 0.9233221187755477 0.5447774083797721 0.06598198131961741 1.0 0.7378679002852372 0.620397776797644 0.7442513433215545 0.7837150141674277 0.18289289684374685 0.5581425678308314 0.0 0.7654079617106023 0.8719801804661698 0.0 0.2606454408876484 0.014563145839672366 
2 0.06718709009872811 0.02601982729740033 0.629182029005954 0.08705974531098302 0.786939697147147 0.5359380202524819 0.8932595011379574 0.8855438762264878 0.867007171109365 0.0 0.0 0.5994987525797482 0.36334374366821826 0.9718736244106203 0.47022979748203136 0.26933375615339905 1.0 0.13373074635206628 0.3505040658760506 0.557044816858902 0.0 0.2718602410732596 0.15725921623221395 0.3586811696472145 0.9420812509145402 0.8560013892031818 0.17529088485705624 0.9059060968973143 0.056580495042625606 0.0013111728586744503 0.0014391525560057668 0.857888231106861 0.7373325116214094 0.003643224141479268 0.13266687970624866 0.874031525713922 0.6955956461036782 0.2145067560393214 0.5794295128758578 0.025269060102456345 0.8449412795207263 0.6112021400022657 0.34666575610824424 0.17355146320168946 0.1974063307148378 0.6781790598063325 0.3183695812919566 0.47497632472169016 0.15679399818921258 0.4931147921817076 0.7570935506561746 0.026526726234929538 0.9394440736209386 0.17557834300472622 0.9074327630003631 0.4249072409358924 0.2673242335785967 0.024145923711252713 0.5108737598807538 0.7606485003697584 0.26335084944858034 0.45706675078361436 0.8740650985903164 0.20970581362188098 0.6935404848034794 0.26273227133115307 0.20394877216399154 0.49965703558099345 0.6723069048626346 0.0 0.34009710645894536 0.2293730069990068 0.020409059143521244 0.34443744662128756 0.7307441538351169 0.9589057331948957 0.8292072094728359 0.5139899173701996 0.9730201709947753 0.7467307877697907 0.7154947959559858 0.45817160978597876 0.7836805904117063 0.604272002803709 0.12164062223215671 0.6831681173768906 0.0 0.0 0.6725540849186266 0.0 1.0 0.26799753290570716 0.8494087576828081 0.015718752207618838 0.1199340235800164 0.7406946713104439 0.0 0.3747197273605878 0.38927454443767584 0.0 0.9037156645025758 0.44502536926698133 0.8556219025972958 1.0 0.0655385516936198 0.006160933453008602 0.22908457778027766 0.6366184569944617 0.45501665445915396 0.35775502974177786 0.8602239900164604 0.21608033670255872 0.0088014516931669 0.750839664583992 0.09988452677594159 0.0564665392034543 0.0 0.0 0.061341095594100475 0.0 0.05521971043276766 0.7917293845605088 0.717513309070162 1.0 0.02753587111243276 0.9605395580967255 0.4177706915201401 0.06746056481281021 0.0 0.9959990170787805 0.7077533939853522 0.7698673736237167 0.7114134543061705 0.6368931548972478 0.09969611006584968 0.010688986211983165 0.9951735945445132 0.08686421288166747 0.8159131395510758 0.6714400740502162 0.5094933900548492 0.5258298652471924 0.1581580380344016 0.7145955976307796 0.8259789363948227 0.8864506823848811 0.0 0.02043632084205443 0.8955984819271126 0.8679631642644896 0.0 0.9209705789077187 0.8857469923401008 0.05317783614871288 0.07379491696588719 0.4275435009040468 0.0 0.9907643158782732 0.49377917223499157 0.6293710420688294 0.03655532955745396 0.9265334420804816 0.5070496681787526 0.4697104250521277 0.6929085846789164 0.8221016876494271 0.18657701399443805 0.6175622992139915 0.0 0.8542930291798956 0.15357629113637383 0.0010451121595237587 0.10803776857918818 0.03239552406302683 
2 0.06718709009872811 0.02601982729740033 0.629182029005954 0.08705974531098302 0.786939697147147 0.5359380202524819 0.8932595011379574 0.8855438762264878 0.867007171109365 0.0 0.0 0.5994987525797482 0.36334374366821826 0.9718736244106203 0.47022979748203136 0.26933375615339905 1.0 0.13373074635206628 0.3505040658760506 0.557044816858902 0.0 0.2718602410732596 0.15725921623221395 0.3586811696472145 0.9420812509145402 0.8560013892031818 0.17529088485705624 0.9059060968973143 0.056580495042625606 0.0013111728586744503 0.0014391525560057668 0.857888231106861 0.7373325116214094 0.003643224141479268 0.13266687970624866 0.874031525713922 0.6955956461036782 0.2145067560393214 0.5794295128758578 0.025269060102456345 0.8449412795207263 0.6112021400022657 0.34666575610824424 0.17355146320168946 0.1974063307148378 0.6781790598063325 0.3183695812919566 0.47497632472169016 0.15679399818921258 0.4931147921817076 0.7570935506561746 0.026526726234929538 0.9394440736209386 0.17557834300472622 0.9074327630003631 0.4249072409358924 0.2673242335785967 0.024145923711252713 0.5108737598807538 0.7606485003697584 0.26335084944858034 0.45706675078361436 0.8740650985903164 0.20970581362188098 0.6935404848034794 0.26273227133115307 0.20394877216399154 0.49965703558099345 0.6723069048626346 0.0 0.34009710645894536 0.2293730069990068 0.020409059143521244 0.34443744662128756 0.7307441538351169 0.9589057331948957 0.8292072094728359 0.5139899173701996 0.9730201709947753 0.7467307877697907 0.7154947959559858 0.45817160978597876 0.7836805904117063 0.604272002803709 0.12164062223215671 0.6831681173768906 0.0 0.0 0.6725540849186266 0.0 1.0 0.26799753290570716 0.8494087576828081 0.015718752207618838 0.1199340235800164 0.7406946713104439 0.0 0.3747197273605878 0.38927454443767584 0.0 0.9037156645025758 0.44502536926698133 0.8556219025972958 1.0 0.0655385516936198 0.006160933453008602 0.22908457778027766 0.6366184569944617 0.45501665445915396 0.35775502974177786 0.8602239900164604 0.21608033670255872 0.0088014516931669 0.750839664583992 0.09988452677594159 0.0564665392034543 0.0 0.0 0.061341095594100475 0.0 0.05521971043276766 0.7917293845605088 0.717513309070162 1.0 0.02753587111243276 0.9605395580967255 0.4177706915201401 0.06746056481281021 0.0 0.9959990170787805 0.7077533939853522 0.7698673736237167 0.7114134543061705 0.6368931548972478 0.09969611006584968 0.010688986211983165 0.9951735945445132 0.08686421288166747 0.8159131395510758 0.6714400740502162 0.5094933900548492 0.5258298652471924 0.1581580380344016 0.7145955976307796 0.8259789363948227 0.8864506823848811 0.0 0.02043632084205443 0.8955984819271126 0.8679631642644896 0.0 0.9209705789077187 0.8857469923401008 0.05317783614871288 0.07379491696588719 0.4275435009040468 0.0 0.9907643158782732 0.49377917223499157 0.6293710420688294 0.03655532955745396 0.9265334420804816 0.5070496681787526 0.4697104250521277 0.6929085846789164 0.8221016876494271 0.18657701399443805 0.6175622992139915 0.0 0.8542930291798956 0.15357629113637383 0.0010451121595237587 0.10803776857918818 0.03239552406302683 
2 0.014393018669344268 0.0018750157515278962 0.744484922478603 0.11719039168175686 0.8007897533746806 0.5636338124563206 0.8884188914490879 0.8311159782540378 0.9357583538046217 0.0 0.24371228277902435 0.7001643311239241 0.6644392651512292 1.0 0.0 0.0318730389194124 0.7404179654669325 0.39460358643336374 0.8172910159953931 0.004766744198819506 0.49139118569360957 0.2999306083394033 0.25745309412004014 0.47218977231483533 0.9866030157561314 0.9361785483004009 0.5060307000333806 0.9709950059008738 0.056580495042625606 0.0 3.4607241334082815E-4 0.746454424423262 0.49458740824743624 0.0010742105694808487 0.16831616519158538 0.7328963663921715 0.7734227771907608 0.12703183288013828 0.8961592120881077 0.19742725462686178 0.7347140743841585 0.3718599516518992 0.2427316091597343 0.21212706251910207 0.10573925813221041 0.3408096984184661 0.4271955303590974 0.7542513133165909 0.5730233667455668 0.5421268000106885 0.4178631405297595 0.026466157513369892 0.7401267544184674 0.2969897263658157 1.0 0.3085192355311013 0.0843338593098672 0.0 0.6899847698120649 0.6551764315418256 0.29258630142130193 0.6129315468394902 0.8640546852474446 0.08506319242418292 0.7388282660180991 0.05629260645924178 0.18236220025157723 0.7387455187225538 0.6388324836436747 0.0 0.27906631234780066 0.16376846225635763 0.02064489268912107 0.35295448167135435 0.8719838080175318 1.0 1.0 0.5264627354301353 0.7992105437087575 0.9486467760929778 0.9498376334974079 0.5176418135325602 0.7571788321481089 0.604272002803709 0.4888212804895643 0.4119823714988426 0.03795525659320907 9.63876247174144E-4 0.42830756017000055 0.09357663959850886 0.9989601725597425 0.45146147338453635 0.883484408355116 0.016350597381003383 0.022221635470139556 0.8036378433123779 0.0 0.29777607824214586 0.3429347154474108 0.0 0.887875500275597 0.39773131986269417 0.8658035915760054 0.9489013860191486 0.0 0.006079882529920435 0.17718789073672142 0.5174251262137393 0.06910685696509838 0.8317507253497995 0.20504229301950216 0.2252055503056566 0.0 0.9756899267262302 0.28102894310081616 0.16975234801714967 0.05214144272955712 0.22954441552142152 0.0 0.23009907144791758 0.3574075703258241 0.6978819702792057 0.7765472720768979 0.7148518911257074 0.01765615641694801 0.9735662710074813 0.398412574722917 0.29051545640654586 0.0 0.9955959040312304 0.4782740136149587 0.5880463550359641 0.7971321638787416 0.6737178075029919 0.15681189380463711 0.2841631059137878 0.9958409659230325 0.14444341373551448 0.5154322821477428 0.9625057844057966 0.382983855865649 0.4247386316669255 0.0018187290387303434 0.8986683843284129 0.5760511388362991 0.7527920077209471 0.651426987088066 0.03901065867632567 0.8917930691576224 0.8869878913318846 0.0 0.8452326322118744 0.9611895587080276 0.13226844248203168 0.31175202694178117 0.4337653408870226 0.16292504434800942 0.9608556108275521 0.6162623514438255 0.8780195106515911 0.048315813130655166 0.8555553437268621 0.5371158045622193 0.4564478572218261 0.9524164649412409 0.9134134383805256 0.20032855845608832 0.7245926058715979 0.0 0.6871622834029163 0.3990401256589236 0.0 0.24595825760421644 0.14674744840537404 
2 0.014393018669344268 0.0018750157515278962 0.744484922478603 0.11719039168175686 0.8007897533746806 0.5636338124563206 0.8884188914490879 0.8311159782540378 0.9357583538046217 0.0 0.24371228277902435 0.7001643311239241 0.6644392651512292 1.0 0.0 0.0318730389194124 0.7404179654669325 0.39460358643336374 0.8172910159953931 0.004766744198819506 0.49139118569360957 0.2999306083394033 0.25745309412004014 0.47218977231483533 0.9866030157561314 0.9361785483004009 0.5060307000333806 0.9709950059008738 0.056580495042625606 0.0 3.4607241334082815E-4 0.746454424423262 0.49458740824743624 0.0010742105694808487 0.16831616519158538 0.7328963663921715 0.7734227771907608 0.12703183288013828 0.8961592120881077 0.19742725462686178 0.7347140743841585 0.3718599516518992 0.2427316091597343 0.21212706251910207 0.10573925813221041 0.3408096984184661 0.4271955303590974 0.7542513133165909 0.5730233667455668 0.5421268000106885 0.4178631405297595 0.026466157513369892 0.7401267544184674 0.2969897263658157 1.0 0.3085192355311013 0.0843338593098672 0.0 0.6899847698120649 0.6551764315418256 0.29258630142130193 0.6129315468394902 0.8640546852474446 0.08506319242418292 0.7388282660180991 0.05629260645924178 0.18236220025157723 0.7387455187225538 0.6388324836436747 0.0 0.27906631234780066 0.16376846225635763 0.02064489268912107 0.35295448167135435 0.8719838080175318 1.0 1.0 0.5264627354301353 0.7992105437087575 0.9486467760929778 0.9498376334974079 0.5176418135325602 0.7571788321481089 0.604272002803709 0.4888212804895643 0.4119823714988426 0.03795525659320907 9.63876247174144E-4 0.42830756017000055 0.09357663959850886 0.9989601725597425 0.45146147338453635 0.883484408355116 0.016350597381003383 0.022221635470139556 0.8036378433123779 0.0 0.29777607824214586 0.3429347154474108 0.0 0.887875500275597 0.39773131986269417 0.8658035915760054 0.9489013860191486 0.0 0.006079882529920435 0.17718789073672142 0.5174251262137393 0.06910685696509838 0.8317507253497995 0.20504229301950216 0.2252055503056566 0.0 0.9756899267262302 0.28102894310081616 0.16975234801714967 0.05214144272955712 0.22954441552142152 0.0 0.23009907144791758 0.3574075703258241 0.6978819702792057 0.7765472720768979 0.7148518911257074 0.01765615641694801 0.9735662710074813 0.398412574722917 0.29051545640654586 0.0 0.9955959040312304 0.4782740136149587 0.5880463550359641 0.7971321638787416 0.6737178075029919 0.15681189380463711 0.2841631059137878 0.9958409659230325 0.14444341373551448 0.5154322821477428 0.9625057844057966 0.382983855865649 0.4247386316669255 0.0018187290387303434 0.8986683843284129 0.5760511388362991 0.7527920077209471 0.651426987088066 0.03901065867632567 0.8917930691576224 0.8869878913318846 0.0 0.8452326322118744 0.9611895587080276 0.13226844248203168 0.31175202694178117 0.4337653408870226 0.16292504434800942 0.9608556108275521 0.6162623514438255 0.8780195106515911 0.048315813130655166 0.8555553437268621 0.5371158045622193 0.4564478572218261 0.9524164649412409 0.9134134383805256 0.20032855845608832 0.7245926058715979 0.0 0.6871622834029163 0.3990401256589236 0.0 0.24595825760421644 0.14674744840537404 
2 0.09808989637305841 0.014897533355229003 0.13457611064183628 0.2943996587366933 0.8999180700331916 0.5928705630262913 0.8917390857076826 0.8541754804970143 1.0 0.11253219874499615 0.10526420342276893 0.702436934763685 0.7181598563152378 0.9847002727873456 0.33104134613614494 0.062231671217233275 0.6929706594347815 0.2818011719930007 0.5642834487509988 0.7815179892749134 0.24186086628930642 0.2977828375037063 0.24266411250056086 0.47218977231483533 1.0 0.8344344209160548 0.33638443902053305 0.8522394721602791 0.056580495042625606 0.0 0.0011232410193215742 1.0 1.0 5.371052847404243E-4 0.12567077187929498 0.6081903424818834 0.6382910299324656 0.1284299294133031 0.9702627031038964 0.009488903967554495 0.8496241577872811 0.3830039831841262 0.24182136226749826 0.3237960986859598 0.0 0.5756637442956815 0.39568323646656145 1.0 0.2195581525690221 0.7636994623728273 0.459520327728602 6.447860889417095E-5 0.4218118259445781 0.34184101439523196 0.9695554254998998 0.5635144881704344 0.0 0.04092096601297598 0.8843280129592098 0.6551764315418256 0.38260663769702385 0.45717405310164816 0.830940719418249 0.0 0.6369370531770215 0.5469182768118503 0.18186532724620744 0.7796589415840959 0.5903324065030274 0.0 0.34156675745065634 0.3591814388020575 0.0 0.1984687511355304 0.5948364806750099 1.0 0.651841039942042 0.3906192539229906 0.7992105437087575 0.8531058931058808 0.49174642563824605 0.0 0.8931068493654468 0.6471250418065685 0.653362363034213 0.47518465644723995 0.023285280049866238 1.606460411956905E-4 0.8928654616480057 0.3997296857515197 1.0 0.29059996887902395 0.7210913459939718 0.0 0.27741295856229736 0.7512466569393697 0.0 0.41583534787125 0.4807593675969931 0.006115770613743185 0.7346369022245132 0.1436688725175386 0.7991380098964393 0.7953026798877834 0.0515592964325967 0.006002454916404427 0.26081465317036934 0.7437629828680477 0.5730112924072074 1.0 0.9650938218422207 0.3035334216343689 0.001892967356430672 0.915729176815737 0.0 0.27583014679253026 0.297171127633379 0.4307432368318986 0.33120246478579707 0.19577834015658663 0.8377707144795723 1.0 0.4296646385571265 1.0 0.008898093938169503 0.8774774941767405 0.5527492756974375 0.24838368790334386 0.0 0.9911918080624609 0.7639653911954474 0.6017438972423166 0.7971321638787416 0.5024690841074939 0.12125616593143984 0.4534281686082881 0.9970208447684965 0.1697360884117558 0.3515839423362207 0.9229219039806794 0.6974819674603472 0.20814074922004477 0.0 0.6960747175119469 0.931343250317868 0.9242471924966544 0.19820017000590667 0.04774658593595853 0.6399957353056193 0.9192069486607312 0.04655809000172863 0.8896726092411155 1.0 0.10635567229742576 0.244357432746393 0.2354543598403236 0.0 0.9445862318960992 0.9233221187755477 0.7164342670472552 0.03007859004212575 0.7883046416066453 0.756485572663852 0.8401066986827223 1.0 0.7934464982242572 0.23955518677225623 0.5028590660681249 0.0 0.7741436260924126 0.9006776919129391 0.0 0.2606454408876484 0.05197360765658969 
2 0.0035438243241441222 0.004344771248087402 0.24593303792213297 0.3482457812843923 0.8843123011410302 0.5928705630262913 0.8785779999481835 0.8541754804970143 0.9739865041879487 0.11253219874499615 0.10526420342276893 0.8759684178390631 0.7531614377921599 1.0 0.4680400384311358 0.08570802249999407 0.6929706594347815 0.29781206785383046 0.620467516334822 0.674182089120565 0.0 0.2896209034310431 0.24266411250056086 0.47218977231483533 0.9658107602058744 0.8040207592740591 0.3752466716003501 0.8621406033687034 0.056580495042625606 0.016550789302948926 0.0011232410193215742 0.7563780345459288 1.0 5.371052847404243E-4 0.03307787349282142 0.5409809025315045 0.6640517407282711 0.17450216004580218 0.9702627031038964 0.009488903967554495 0.8496241577872811 0.2889084916532936 0.48792295540380237 0.2245438205756105 0.0 0.5756637442956815 0.3899163279105531 0.5456128349803889 0.2195581525690221 0.5355099547215916 0.4187054150398259 0.020635501817296634 0.4218118259445781 0.25226734351175256 0.9665905214085786 0.5635144881704344 0.0 0.042030482007353855 0.8843280129592098 0.6551764315418256 0.22477741905673895 0.6479282264879057 0.830940719418249 0.0 0.6369370531770215 0.5469182768118503 0.18186532724620744 0.4168776975830767 0.4300306134079965 0.0 0.40137133900205463 0.34163775909988114 0.007630800333618622 0.20982045043052044 0.5184149043866676 0.6898894514036709 0.7562152074560895 0.3906192539229906 0.7992105437087575 0.6259164216744348 0.6209308851925867 0.0 0.9450939687519069 0.6336875647213596 0.638129018653371 1.0 0.011653331323359422 1.606460411956905E-4 0.06423644627460512 0.329480928306868 1.0 0.4142908114767605 0.8131912497162508 0.016350597381003383 0.41611943784344607 0.7512466569393697 0.0 0.36395835071802546 0.30706728716394366 0.006115770613743185 0.5415106893312681 0.27349040913634 0.769692836030488 0.7131013404713209 0.0515592964325967 0.006002454916404427 0.2532847410518342 0.8081410373209891 0.9875379168854801 0.9068515277488838 0.9650938218422207 0.26290346238736495 0.001892967356430672 0.8517186086412195 0.0 0.3118728255844629 0.47158245048338543 0.333393256336869 0.33120246478579707 0.04050436340420699 0.7474989673357565 0.9185711414445583 0.12209296710032441 0.9379365458120781 0.006716681262840424 0.9076976701982172 0.5955585179816005 0.24838368790334386 0.0 0.9936476030669387 0.9345120956223072 0.7634193981873801 0.7971321638787416 0.2590605232975776 0.14003992947277105 0.3944862495307475 0.9997357509567188 0.21541933976372554 0.9410937791303455 0.8785458250834605 0.39422998341067 0.14037867874848337 0.0018187290387303434 0.6990675681591192 1.0 0.9242471924966544 0.5818683259328576 0.0615791056591032 0.6399957353056193 0.8994571975442989 0.04655809000172863 0.880328241744631 1.0 0.080801571417768 0.12124806247665731 0.2354543598403236 0.0 0.9445862318960992 0.9755520113585046 0.6358219267038177 0.048315813130655166 0.7883046416066453 0.7378679002852372 0.8401066986827223 1.0 0.780242152796703 0.1329499579068993 0.5028590660681249 0.0 0.7445808232271824 0.9006776919129391 0.0 0.1438508101819717 0.07317481714117846 
2 0.10714169107525859 0.057786701248700015 0.04695979258271882 0.1710717668668647 0.8884414806556243 0.6333975827037095 0.8917390857076826 0.8311210633002479 1.0 0.1053323255913631 0.0 0.7394359134020163 0.5951187107358324 0.9801496189399228 0.5596749299382902 0.0 0.9452570415428777 0.23066813802073172 0.5997757363545739 0.7815179892749134 0.0 0.2977828375037063 0.306622993467464 0.5340019752946991 0.9246470131426086 0.8963240667208525 0.29752220644071603 0.8726103202630852 0.056580495042625606 0.0 0.0030913830057329103 1.0 1.0 8.056579271106365E-4 0.0632692655878401 0.65087791721071 0.621938256705826 0.09808010275502485 0.9209753749528757 0.0 0.7579150539486327 0.35688838530188755 0.07945163901169278 0.3237960986859598 0.1347272916471387 0.4027489464744031 0.6735470244668301 1.0 0.33283262514686296 0.7636994623728273 0.9355284998353912 0.022895554659611884 0.8300306229269785 0.407880221508393 0.9871158794465871 0.4314159278374401 0.08314771571926274 0.04390520271559404 1.0 0.6760693810602915 0.38967801673226465 0.02541126070409766 0.8479880695841582 0.0 0.6541579898674635 0.7675173257002968 0.28077697835943477 1.0 0.5903324065030274 0.0 0.3946968757952683 0.41754065606127544 0.005411672166924452 0.16525611535174808 0.6195394863315193 0.8527306509254542 0.6976238401105126 0.37295571376641246 0.7992105437087575 0.9837837022863806 0.3681907084245221 0.0 1.0 0.7439077795143652 0.4674784625393523 0.7988852853154391 0.0 0.0 1.0 0.3997296857515197 0.9904635082391717 0.37758101386887344 0.7210913459939718 0.0 0.47258048684062404 0.7121136349917664 0.0 0.3694634672194025 0.6097872959466341 1.689400886146896E-4 0.7807709363437847 0.2963672107179459 0.6514278158992202 0.7953026798877834 0.04393359520943682 0.004130228664744403 0.3911330247204421 0.5725592027114736 0.5730112924072074 1.0 0.7901535762996592 0.3890057704808488 0.0 0.9398991521375175 0.0 0.24405215419680248 0.059402260516470184 0.9592436403222946 0.44075392132492125 0.19344786995746763 1.0 1.0 0.5513089271697349 1.0 0.0025589161042716413 0.9397718592125079 0.5422043410162976 0.15795497142784648 0.0 0.9903855819673608 0.859011844296823 0.677586714657779 0.9468207506043748 0.8817813840733122 0.12125616593143984 0.0 0.9957337813385183 0.2406596866209033 0.17332505738287668 0.8800599723217809 0.8356166529325377 0.34847761630422835 0.0 0.6050044465747579 1.0 1.0 0.0 0.043120108402056004 0.6715664841422487 0.9449117267688247 0.02496800323462254 1.0 1.0 0.10553272956001587 0.3665361491195895 0.16966345377365022 0.0 0.9256155628758468 0.7920585070765871 0.7180982281974979 0.0 0.9689808897134992 0.756485572663852 0.5616330670397197 1.0 0.6968039032061106 0.3044262865614758 0.5028590660681249 0.0 0.8873754912900618 0.9006776919129391 0.0 0.13241746929734394 0.0 
2 0.06304256689636015 0.025544387261051536 0.11552620524002288 0.3478066674995706 0.8843123011410302 0.873128844609159 0.8676690015919253 0.8904060884896495 0.8699301200990812 0.0 0.0 0.5713229417975021 0.8066748418323407 0.9755989650924999 0.33104134613614494 0.0 0.7351594814084748 0.4321301037476016 0.7583589821113925 0.8313771671678918 0.0 0.29102244220004503 0.34548192340402795 0.48249276978927036 1.0 0.8104178375642712 0.21995394128985407 0.9892649735056132 0.0453790211197634 0.022474841969311238 9.126333281987789E-4 0.7563780345459288 1.0 0.0 0.13787147436717717 0.751582413782464 0.7100876805319569 0.1689540719464136 1.0 0.021247367045434205 0.9376565732144967 0.3830039831841262 0.29132892330441773 0.1952830549615413 0.0 0.5756637442956815 0.375774976449523 0.572487582236481 0.21267436933795356 0.4669707053553509 0.42097061114018564 0.020635501817296634 0.6795017092400781 0.19180507364750835 0.9594712731881045 0.5290555130356065 0.0 0.050168353526958503 1.0 0.5354967484574809 0.21384314863110152 0.36055043897425315 0.8303627373186242 0.0 0.6699811246754336 0.4858357547181926 0.1850358958936606 0.3766672237167083 0.5880659195701701 0.0 0.33444097930374284 0.3795671664263446 6.249229556499931E-4 0.14840093324446094 0.7995553376195503 1.0 0.7374795680518929 0.34525108055596865 0.742022821168681 0.6810079167576432 0.49174642563824605 0.0 0.92208290346606 0.48447826747211237 0.8131544771830858 0.9231197455246445 0.018410639002054446 1.606460411956905E-4 0.6635585236871806 0.36539581099698115 0.9799348972999723 0.40160198812022346 0.8131912497162508 0.0 0.32794914811368686 0.78456864723971 0.0 0.27121458941433046 0.36375057116717036 0.0 0.9930400872820122 0.1759805932843812 0.769692836030488 0.7953026798877834 0.05002666205867215 0.006079882529920435 0.217341697293075 0.6696412445939888 0.6759744404213068 0.8219766680351089 0.800708313317028 0.28740828795496826 0.04957856653949862 0.792618846935648 0.15060096514068988 0.24497030065549408 0.3150151559070746 0.16874613196734356 0.0 0.30463608108465196 0.9132516454413571 0.9280105946749775 0.47191539996578213 1.0 0.007163211355382018 0.8839515593369017 0.5307222745283371 0.24838368790334386 0.0 0.9831898422200218 0.9366628332583713 0.6558311336553531 0.846865249037996 0.489001144757512 0.11036019631535011 0.0 0.9965033395224376 0.17982506315586064 0.7843366841809226 1.0 0.5347983214006031 0.31539602634028785 0.0018187290387303434 0.6960747175119469 0.9906128570857761 0.956863255286407 0.0 0.0525291460370573 0.7272307308822822 0.8994571975442989 0.0 0.8625834802833761 1.0 0.09437212015549883 0.5404505123800982 0.34077571564353715 0.09103936297301539 0.9529685510069221 0.9233221187755477 0.5447774083797721 0.08437417085183735 1.0 0.7378679002852372 0.620397776797644 0.8723302511014435 0.7837150141674277 0.18289289684374685 0.5581425678308314 0.0 0.7654079617106023 1.0 0.0 0.5720909672392847 0.0 
2 0.06304256689636015 0.025544387261051536 0.11552620524002288 0.3478066674995706 0.8843123011410302 0.873128844609159 0.8676690015919253 0.8904060884896495 0.8699301200990812 0.0 0.0 0.5713229417975021 0.8066748418323407 0.9755989650924999 0.33104134613614494 0.0 0.7351594814084748 0.4321301037476016 0.7583589821113925 0.8313771671678918 0.0 0.29102244220004503 0.34548192340402795 0.48249276978927036 1.0 0.8104178375642712 0.21995394128985407 0.9892649735056132 0.0453790211197634 0.022474841969311238 9.126333281987789E-4 0.7563780345459288 1.0 0.0 0.13787147436717717 0.751582413782464 0.7100876805319569 0.1689540719464136 1.0 0.021247367045434205 0.9376565732144967 0.3830039831841262 0.29132892330441773 0.1952830549615413 0.0 0.5756637442956815 0.375774976449523 0.572487582236481 0.21267436933795356 0.4669707053553509 0.42097061114018564 0.020635501817296634 0.6795017092400781 0.19180507364750835 0.9594712731881045 0.5290555130356065 0.0 0.050168353526958503 1.0 0.5354967484574809 0.21384314863110152 0.36055043897425315 0.8303627373186242 0.0 0.6699811246754336 0.4858357547181926 0.1850358958936606 0.3766672237167083 0.5880659195701701 0.0 0.33444097930374284 0.3795671664263446 6.249229556499931E-4 0.14840093324446094 0.7995553376195503 1.0 0.7374795680518929 0.34525108055596865 0.742022821168681 0.6810079167576432 0.49174642563824605 0.0 0.92208290346606 0.48447826747211237 0.8131544771830858 0.9231197455246445 0.018410639002054446 1.606460411956905E-4 0.6635585236871806 0.36539581099698115 0.9799348972999723 0.40160198812022346 0.8131912497162508 0.0 0.32794914811368686 0.78456864723971 0.0 0.27121458941433046 0.36375057116717036 0.0 0.9930400872820122 0.1759805932843812 0.769692836030488 0.7953026798877834 0.05002666205867215 0.006079882529920435 0.217341697293075 0.6696412445939888 0.6759744404213068 0.8219766680351089 0.800708313317028 0.28740828795496826 0.04957856653949862 0.792618846935648 0.15060096514068988 0.24497030065549408 0.3150151559070746 0.16874613196734356 0.0 0.30463608108465196 0.9132516454413571 0.9280105946749775 0.47191539996578213 1.0 0.007163211355382018 0.8839515593369017 0.5307222745283371 0.24838368790334386 0.0 0.9831898422200218 0.9366628332583713 0.6558311336553531 0.846865249037996 0.489001144757512 0.11036019631535011 0.0 0.9965033395224376 0.17982506315586064 0.7843366841809226 1.0 0.5347983214006031 0.31539602634028785 0.0018187290387303434 0.6960747175119469 0.9906128570857761 0.956863255286407 0.0 0.0525291460370573 0.7272307308822822 0.8994571975442989 0.0 0.8625834802833761 1.0 0.09437212015549883 0.5404505123800982 0.34077571564353715 0.09103936297301539 0.9529685510069221 0.9233221187755477 0.5447774083797721 0.08437417085183735 1.0 0.7378679002852372 0.620397776797644 0.8723302511014435 0.7837150141674277 0.18289289684374685 0.5581425678308314 0.0 0.7654079617106023 1.0 0.0 0.5720909672392847 0.0 
2 0.06304256689636015 0.014897533355229003 0.3025795817052752 0.2943996587366933 0.8843123011410302 0.5928705630262913 0.8917390857076826 0.8541754804970143 1.0 0.11253219874499615 0.10526420342276893 0.7616864042316073 0.6145405613826765 0.9847002727873456 0.33104134613614494 0.062231671217233275 0.6929706594347815 0.2818011719930007 0.5642834487509988 0.6754158201504536 0.0 0.29102244220004503 0.24266411250056086 0.47218977231483533 0.9658107602058744 0.7997944485175542 0.33638443902053305 0.8621406033687034 0.056580495042625606 0.016550789302948926 0.0011232410193215742 0.7563780345459288 1.0 5.371052847404243E-4 0.05604185834063298 0.5409809025315045 0.6640517407282711 0.1284299294133031 0.9702627031038964 0.009488903967554495 0.8496241577872811 0.3830039831841262 0.39344006988032776 0.2245438205756105 0.0 0.5756637442956815 0.39568323646656145 0.5456128349803889 0.2195581525690221 0.4669707053553509 0.459520327728602 0.020635501817296634 0.4218118259445781 0.25226734351175256 0.9695554254998998 0.5635144881704344 0.0 0.042030482007353855 0.8843280129592098 0.6551764315418256 0.25802753067627276 0.473638918704361 0.830940719418249 0.0 0.6369370531770215 0.5469182768118503 0.18186532724620744 0.4168776975830767 0.5903324065030274 0.0 0.3805732776152859 0.31848180783193747 0.007630800333618622 0.1984687511355304 0.5184149043866676 0.6898894514036709 0.7562152074560895 0.3906192539229906 0.7992105437087575 0.6259164216744348 0.49174642563824605 0.0 0.8931068493654468 0.6336875647213596 0.638129018653371 0.8237367473362259 0.003196734427533248 1.606460411956905E-4 0.5359739912895084 0.29790037180867407 1.0 0.4142908114767605 0.8131912497162508 0.016350597381003383 0.27741295856229736 0.7512466569393697 0.0 0.36395835071802546 0.4018288543242968 0.006115770613743185 0.7346369022245132 0.27349040913634 0.769692836030488 0.7953026798877834 0.0515592964325967 0.006002454916404427 0.2532847410518342 0.7437629828680477 0.6920586055365661 0.7155100594835557 0.9650938218422207 0.26290346238736495 0.001892967356430672 0.8517186086412195 0.0 0.2681013503671471 0.297171127633379 0.4307432368318986 0.33120246478579707 0.19577834015658663 0.7474989673357565 0.9185711414445583 0.435026618140324 0.9379365458120781 0.008898093938169503 0.9076976701982172 0.5527492756974375 0.24838368790334386 0.0 0.9911918080624609 0.8941586638405983 0.7189902893199638 0.7971321638787416 0.5024690841074939 0.11036019631535011 0.3508275955115484 0.9971526616737896 0.1697360884117558 0.564360115704988 0.9229219039806794 0.4410634677433757 0.20814074922004477 0.0018187290387303434 0.6960747175119469 1.0 0.9242471924966544 0.30863468286261403 0.03911386624367492 0.6399957353056193 0.8994571975442989 0.04655809000172863 0.8896726092411155 1.0 0.10635567229742576 0.244357432746393 0.2354543598403236 0.0 0.9445862318960992 0.9233221187755477 0.6358219267038177 0.048315813130655166 0.7883046416066453 0.7378679002852372 0.8401066986827223 1.0 0.7934464982242572 0.19280854138841452 0.5028590660681249 0.0 0.7741436260924126 0.9006776919129391 0.0 0.2606454408876484 0.07317481714117846 
2 0.11939746587399894 0.057786701248700015 0.0 0.1904071129090663 0.9122319628219715 0.6333975827037095 0.8917390857076826 0.8770088435634043 1.0 0.1053323255913631 0.0 0.7394359134020163 0.5951187107358324 0.9801496189399228 0.4241434485243527 0.0 0.6929706594347815 0.41796148966915814 0.5997757363545739 0.7815179892749134 0.12211032679849934 0.2977828375037063 0.306622993467464 0.5634364615484129 1.0 0.8963240667208525 0.40742068898987255 0.8726103202630852 0.056580495042625606 0.0 0.0019656717838127547 1.0 1.0 8.056579271106365E-4 0.07759692216992248 0.6056986938326532 0.621938256705826 0.11532598325080626 1.0 0.009488903967554495 0.8357445839707072 0.35688838530188755 0.07945163901169278 0.3237960986859598 0.0 0.6117757784901903 0.6735470244668301 1.0 0.2195581525690221 0.7636994623728273 0.908553003414527 0.005895134304967426 0.8300306229269785 0.34184101439523196 0.9871158794465871 0.4314159278374401 0.08314771571926274 0.05733529190259115 1.0 0.6613774906532927 0.38967801673226465 0.2966692970666889 0.8479880695841582 0.0 0.6369370531770215 0.7675173257002968 0.28077697835943477 0.9553257966606988 0.5903324065030274 0.0 0.3946968757952683 0.41754065606127544 0.0 0.12977608153504627 0.6195394863315193 0.8113995821572866 0.7076002036569818 0.37295571376641246 0.7992105437087575 0.9837837022863806 0.3681907084245221 0.0 1.0 0.7439077795143652 0.4674784625393523 0.7796124224592398 0.023285280049866238 0.0 1.0 0.3997296857515197 0.9970568343757532 0.29059996887902395 0.7210913459939718 0.0 0.44913927599862424 0.7121136349917664 0.0 0.41583534787125 0.6097872959466341 0.0030543757563045388 0.7807709363437847 0.1436688725175386 0.6514278158992202 0.7953026798877834 0.0736235788835102 0.004130228664744403 0.32070430067261646 0.7437629828680477 0.5730112924072074 1.0 0.7901535762996592 0.3953857287059884 0.0 1.0 0.0 0.2926527400992335 0.3622418391969033 0.9592436403222946 0.44075392132492125 0.19344786995746763 1.0 0.9940347141002344 0.5513089271697349 1.0 0.0025589161042716413 0.8714271311267769 0.5422043410162976 0.20164240338817285 0.0 0.9903855819673608 0.859011844296823 0.5904040329992203 0.9468207506043748 0.7553312064565605 0.12125616593143984 0.054634080754755676 0.9957665217291833 0.25639754077523974 0.17332505738287668 0.9275299808562325 0.7844650029093123 0.2509349441044604 0.0 0.7094771453736374 1.0 1.0 0.0 0.043120108402056004 0.6715664841422487 1.0 0.02496800323462254 1.0 1.0 0.10553272956001587 0.3665361491195895 0.16966345377365022 0.0 0.9188685180875595 0.92264603786544 0.7180982281974979 0.0 0.9689808897134992 0.756485572663852 0.8401066986827223 0.9957812686078373 0.6968039032061106 0.23955518677225623 0.5028590660681249 0.0 0.8873754912900618 0.9006776919129391 0.0 0.05431860497386193 0.018722861527286583 
2 0.10714169107525859 0.057786701248700015 0.04695979258271882 0.1710717668668647 0.8884414806556243 0.6333975827037095 0.8917390857076826 0.8311210633002479 1.0 0.1053323255913631 0.0 0.7394359134020163 0.5951187107358324 0.9801496189399228 0.5596749299382902 0.0 0.9452570415428777 0.23066813802073172 0.5997757363545739 0.7815179892749134 0.0 0.2977828375037063 0.306622993467464 0.5340019752946991 0.9246470131426086 0.8963240667208525 0.29752220644071603 0.8726103202630852 0.056580495042625606 0.0 0.0030913830057329103 1.0 1.0 8.056579271106365E-4 0.0632692655878401 0.65087791721071 0.621938256705826 0.09808010275502485 0.9209753749528757 0.0 0.7579150539486327 0.35688838530188755 0.07945163901169278 0.3237960986859598 0.1347272916471387 0.4027489464744031 0.6735470244668301 1.0 0.33283262514686296 0.7636994623728273 0.9355284998353912 0.022895554659611884 0.8300306229269785 0.407880221508393 0.9871158794465871 0.4314159278374401 0.08314771571926274 0.04390520271559404 1.0 0.6760693810602915 0.38967801673226465 0.02541126070409766 0.8479880695841582 0.0 0.6541579898674635 0.7675173257002968 0.28077697835943477 1.0 0.5903324065030274 0.0 0.3946968757952683 0.41754065606127544 0.005411672166924452 0.16525611535174808 0.6195394863315193 0.8527306509254542 0.6976238401105126 0.37295571376641246 0.7992105437087575 0.9837837022863806 0.3681907084245221 0.0 1.0 0.7439077795143652 0.4674784625393523 0.7988852853154391 0.0 0.0 1.0 0.3997296857515197 0.9904635082391717 0.37758101386887344 0.7210913459939718 0.0 0.47258048684062404 0.7121136349917664 0.0 0.3694634672194025 0.6097872959466341 1.689400886146896E-4 0.7807709363437847 0.2963672107179459 0.6514278158992202 0.7953026798877834 0.04393359520943682 0.004130228664744403 0.3911330247204421 0.5725592027114736 0.5730112924072074 1.0 0.7901535762996592 0.3890057704808488 0.0 0.9398991521375175 0.0 0.24405215419680248 0.059402260516470184 0.9592436403222946 0.44075392132492125 0.19344786995746763 1.0 1.0 0.5513089271697349 1.0 0.0025589161042716413 0.9397718592125079 0.5422043410162976 0.15795497142784648 0.0 0.9903855819673608 0.859011844296823 0.677586714657779 0.9468207506043748 0.8817813840733122 0.12125616593143984 0.0 0.9957337813385183 0.2406596866209033 0.17332505738287668 0.8800599723217809 0.8356166529325377 0.34847761630422835 0.0 0.6050044465747579 1.0 1.0 0.0 0.043120108402056004 0.6715664841422487 0.9449117267688247 0.02496800323462254 1.0 1.0 0.10553272956001587 0.3665361491195895 0.16966345377365022 0.0 0.9256155628758468 0.7920585070765871 0.7180982281974979 0.0 0.9689808897134992 0.756485572663852 0.5616330670397197 1.0 0.6968039032061106 0.3044262865614758 0.5028590660681249 0.0 0.8873754912900618 0.9006776919129391 0.0 0.13241746929734394 0.0 
2 0.0 0.09069181425494491 1.0 0.19585267168522918 0.7931198189270428 0.44310490230534066 0.9296341858985048 0.8979166166148258 1.0 0.13538092170913335 1.0 1.0 0.7525613014819821 0.9623601400350441 0.0 0.26067868601989386 0.4533780011301768 0.1040806274033863 0.4275587657498964 0.46487205355432537 0.023008359344990237 0.28672156527209486 0.17729427205009193 0.5475462675272554 0.6864393809060759 0.7208590294097472 0.6614796303526487 0.8362230584994845 0.10432501363775379 0.0 0.0 0.5741928871569988 0.0 0.04918160229827501 0.08166037533432395 0.6697091455793358 0.8364148795885102 0.047152179028630115 1.0 0.05301699559899582 0.9867290597630338 0.594889524185317 0.4733714574408325 0.24189119743914206 0.24869302101393076 0.9124483157436984 0.29244495785360874 0.0 0.5254824645380873 0.3692841442372251 0.2010659263018933 0.0 0.23504701549704865 0.33205835232344433 0.9561329963387473 0.6257805217937583 0.6129871279374852 0.059161815600842486 0.4513007683471749 1.0 0.0 0.6988435715058885 0.32663658784278327 0.9231219283295402 0.6037342806519385 0.4393402422606739 0.04297076192316227 0.5685220434327442 0.28081286900648855 0.0 0.212852600391244 0.1492198265732695 0.0015653445512135745 0.12187330897967572 0.5960603028192974 0.5138159361170569 0.6144690159062405 0.7028812014260397 0.638811151150927 0.6775089404074964 0.8037987800079779 0.36589742577344164 0.8580639698314219 0.8085297671576993 1.0 0.5366290793019086 0.10583704315003725 0.006919613670186514 0.28083297340831287 0.13632613625810436 1.0 0.43368784377258235 1.0 0.10039912081785232 0.4447277117774212 0.9939028544458783 0.0 0.5261391939426532 0.32795217520356246 0.0014669057445406072 0.41768998291344867 0.2691127023955078 1.0 0.6219608672383873 0.07946783438494197 0.0 0.09636351608502067 0.7196653730537744 0.7144319627914244 0.42665070304185876 0.0 3.089871778369224E-4 0.5178642744800258 1.0 0.9500829592383937 0.2160144474404557 0.4314335958443587 0.0 0.8466290018609605 0.8235224303555295 0.9587130835370676 0.4797816692807398 0.0 0.0 0.014064147031752653 0.8134382836328066 0.89491177432963 0.0689499221953685 0.0 0.9665818094450189 0.43869522740565303 0.4661860983307287 0.5766790339708815 0.6265280781166228 0.25245536097615734 0.11514075027482934 0.9997572321860158 0.04971116549164066 0.933332813525392 0.8050003190968185 0.37343687740204307 0.08030465003701942 0.20307842421922434 0.8467893795319841 0.7181268557651272 0.8192686222516785 0.7414865160391817 0.06830020615274475 0.9326702034774812 0.9564672018165312 0.0 0.9682366025767799 0.8506287876445543 0.005064317610821059 0.03741484519714383 0.49996259330817877 0.12057140972570612 1.0 0.7632473284008685 0.7618109855089544 0.1787260656629178 0.5922073534048057 0.7569926274098442 0.7973704041189533 0.780246105236116 1.0 0.0 0.5977084053108426 0.04214239198538166 0.9180773230102148 0.479040747099473 0.00836089727619007 0.03310115401612079 0.16413348442952444 
2 0.02354507635533809 0.0 0.1428073555505161 0.40909915607788205 0.825761687256088 0.3766263373536868 0.8837478217475145 0.8892692462312768 0.887975762329491 0.021144781239459357 0.0 0.6499577539076937 0.5151828354048881 0.9831764020750782 0.4082810063096662 0.0 0.7749160013449943 0.44442250446771675 0.3590622623448846 0.6104321112863603 0.0 0.27689303769129736 0.33029979191230635 0.45972981039458305 0.9444664581368017 0.8204942199107891 0.17529088485705624 0.9656274926536804 0.008710882931069155 0.0 0.0016848615289823611 0.9828741139992675 1.0 0.0 0.17090556521984468 0.8753312923285357 0.6221128712393231 0.12568288327756125 1.0 0.009633118779919797 0.890304582259991 0.5970039356403261 0.3291819423208082 0.21212706251910207 0.0 0.12389142753476923 0.4642113909959895 0.8152533625857208 0.28415253114032624 0.32989220662286955 0.5659592911114986 0.02418426873308916 0.8821579048745674 0.30844337400709493 0.9804714550625481 0.43409716914469376 0.25057525959197474 0.02159270856350222 1.0 0.5853226027184817 0.2625272298241648 0.32178406326792386 0.8636211986727259 0.08506319242418292 0.505852890047511 0.4309434929454275 0.09252649423147885 0.6775784512056492 0.8888672683642672 0.0 0.3024172897597617 0.3591168320448098 0.0011868467608221606 0.21269419089838976 0.85339056548444 1.0 0.8474769719899572 0.47787066500836506 0.6968013949411236 0.7133656178510763 0.49174642563824605 0.0 0.6317650882702033 0.5700608605135509 0.1270075285403689 0.6783676194245645 0.0 0.0 0.9339989532933981 0.18455113957138475 0.9862624561959107 0.49357809767709543 0.6853328479237726 0.024525896071505075 0.0 0.766929884211497 0.0 0.26209612660590287 0.4780769760485408 0.007831613864923936 1.0 0.4867997524197913 0.7952381622018577 0.9597053587207083 0.0 0.002409973988841035 0.27690690275779906 0.4924130619838465 0.4090413773021718 0.6410969711209559 1.0 0.20413862320635762 0.0 0.9237407824741124 0.0 0.3067154249524159 0.0 0.2657826896722386 0.022008532053433505 0.3639219454215785 0.8113373510135963 0.9636231356990743 0.8240019185427893 1.0 0.009222802528923602 0.9534444977248536 0.5770390138597286 0.15142954327272823 0.0 0.991594921110011 0.9754516261471883 0.636355457772908 0.7205647883977396 0.517978201586228 0.11036019631535011 0.054764244918495714 0.9962793645077224 0.07020005465433216 0.8049437363116945 0.9723507097245252 0.4410634677433757 0.4290615405010184 9.093645193651717E-4 0.8332424279608135 0.8472909735355338 0.9784316276432035 0.0 0.006938973997787909 0.7998595802603627 0.9497285987721494 0.051865179981136746 0.9686410257404361 1.0 0.15354173237517518 0.2957444835793671 0.2928837810216937 0.19707816106052584 0.9688851374876732 0.978800573302245 0.4400263572740779 0.07012186542353044 0.9632667210402408 0.5643825646895169 0.4582943814578152 0.7524051792977007 0.8508068866058334 0.2033141400338096 0.38648236928916635 0.0 0.8034758673966926 0.6262668206550224 0.0 0.4868310077213341 0.0 
2 0.06453358320391574 0.0 0.43839324706949534 0.17315164354382123 0.8074623655188706 0.456461454791007 0.8957828638053932 0.8802805074299176 0.5969482566107809 0.12397924728504164 0.1289737648072725 0.7596968024058793 0.6169264790370357 0.9877994825462499 0.2140846890828609 0.062231671217233275 0.7837710017890127 0.14760768250743517 0.35879609062830675 0.4807781336649607 0.0 0.2691775878010704 0.22142220947938573 0.47218977231483533 0.9927902848725916 0.7476771769269566 0.5593809248045033 0.9194266936850568 0.053641872138946264 0.0 0.0015395159963700008 1.0 0.7979099378999059 0.0 0.1755097039746078 0.8315503666505216 0.7493295242897798 0.1564626115864745 0.6573955786203922 0.047007867874833964 0.7314507318899106 0.6480261060933424 0.3594420067590972 0.21212706251910207 0.05526798179152956 0.29993013806926977 0.3416265497327068 0.9752670584088019 0.4723241878244309 0.2786404143507318 0.3446557752951223 0.011606452562954861 0.7587703619612183 0.2587096786999791 0.9478243080804414 0.6654579766310045 0.5302677264786495 0.0 0.9506178280792092 0.5330347051133557 0.13669743081227134 0.41968431858470023 0.8461249948462378 0.04253159621209146 0.5619130348825697 0.5205244863726617 0.06889033809757424 0.4755142482459299 0.596551352499227 0.0 0.27614881010840475 0.2223390324278327 0.013176990323045083 0.39058699990660306 0.8013678709688036 0.9067857109082014 0.8181554655871738 0.2739582455290661 0.8543956776157529 0.6328430152058339 0.5624322450159872 0.0 0.7147449918778183 0.5816738538706763 0.6375946842392322 0.6541945736665712 0.02315117529233961 0.0 0.3426749470165557 0.2321721095492046 0.9937551468110067 0.29405222335140724 0.9148902844619171 0.031121258634333265 0.026772288053662496 0.7874107286777181 0.0 0.28897189050732475 0.2960473594475108 0.010571208088183254 0.513324513776579 0.16351369662389081 0.8976190811009288 0.671061297243491 0.07581478358039088 0.00946014700566888 0.19548087582309606 0.4433033879396804 0.5809708042706114 0.21293321710310636 0.7498957349193819 0.1644415341007231 0.0 0.550811394216352 0.14517789704354794 0.19892525330896638 0.17917194098385422 0.0 0.16560123239289853 0.17122292647764348 0.6669425019541546 1.0 0.7633199220077977 0.7146519893225509 0.018106684440390257 0.9969096214645923 0.17386205907278213 0.0898663446504786 0.0 0.9859934865913218 0.8441246403779814 0.6371713880826388 0.7531687311810573 0.5469995534866798 0.06062808296571992 0.5 0.9978330786897901 0.12999436044517027 0.753950023996832 0.9454233006302175 0.684968893225749 0.13812616146856718 0.07152751355087322 0.8009551756556258 0.7916505615537567 0.8683183592377557 0.1781748453789094 0.02684098645838742 0.8375928316442185 0.9714920961356412 0.00258149934677087 0.8947616583099055 0.9140938593299177 0.03780557334606564 0.3148005022322772 0.38679092457715425 0.12579945549138413 0.9479865719423172 0.8995835753383639 0.8179109633519088 0.11118078277156741 0.8476246123669388 0.5658119917519515 0.4972919785999145 0.8278693076155412 0.8981034788521007 0.20484065800986262 0.5479899441169642 0.0 0.6576641129210214 0.6301663296271189 0.0 0.6228910527032725 0.08501257221033465 
2 0.0 0.028324598542961432 0.4158726692715597 0.11483109541107098 1.0 0.0038919071032322283 0.9506557910847544 1.0 0.7952157756276381 0.04889486717282837 0.18743038675620638 1.0 0.24674003455780125 0.9694005455746912 0.2710629628278749 0.0 1.0 0.24977938027134117 0.3955772562048475 0.24686525169509554 0.0038347265574983774 0.31647880402631967 0.14154180436405428 0.4845241370850737 1.0 0.9064580717402027 0.17529088485705624 0.9709950059008738 0.056580495042625606 0.057200261097172744 0.0016848615289823611 0.6717621496497791 1.0 0.0010742105694808487 0.0 0.8753312923285357 0.7001116219464214 0.12703183288013828 0.6729615608093426 0.0 0.8496241577872811 0.8336789823658319 0.26709657876262854 0.21212706251910207 0.3204786719247329 0.36162018954291425 0.3251049246750222 0.9190224839670984 0.3369269286078716 0.08061162709449016 0.23792659434998414 0.04013000416068971 1.0 0.32861740767469555 0.9754852336825421 0.43409716914469376 0.26123255721370386 0.0 0.6838663233652851 0.6230832654087842 0.2043794985462009 0.40531930080907475 0.8636211986727259 0.09277715331471956 0.31611518554759843 0.26273227133115307 0.14451986509521436 0.6775784512056492 0.8113217360376735 0.0 0.33366289133779503 0.11688137918573833 0.0111358058116739 0.1984687511355304 0.8082360441741876 0.896233559352738 0.8670694825208067 0.5787108828049717 0.7992105437087575 1.0 0.49174642563824605 0.4697978567201382 0.6778768328011511 0.604272002803709 0.1270075285403689 0.21449637918824455 0.0 0.0 0.9710174123802177 0.057235676245326855 0.9667482450268092 0.24367735791692546 0.8721415982075218 0.016350597381003383 0.046882421683999614 0.7645919646244819 0.0 0.5459375260770382 0.6389817462393209 0.007831613864923936 0.7346369022245132 0.4867997524197913 1.0 0.9597053587207083 0.01479732638218604 0.0 0.24431716654198854 0.8389226791820122 0.4090413773021718 0.28142314498016385 0.9484329141950107 0.2863077260269032 0.0 0.7697150350389923 0.0 0.06174512429692182 0.09172959356005786 0.5628954925874724 0.0 0.3267436057031927 0.13820689679802362 0.7631646186991862 1.0 1.0 0.01670376850254173 0.9612453707315076 0.3396924648492221 0.29051545640654586 0.0 0.9935984857550306 1.0 0.636355457772908 1.0 1.0 0.0 0.054764244918495714 1.0 0.0 0.11162995929407876 1.0 0.46424506952065697 0.4290615405010184 0.0018187290387303434 0.7456058716234815 1.0 0.8792338578724942 0.0 0.0 0.6997893703905441 0.8669101942728508 0.051865179981136746 0.9682366025767799 1.0 0.1471566431197241 0.2957444835793671 0.5201148076955331 0.14646295667767345 0.9688851374876732 0.866465418071886 0.820125810452237 0.048315813130655166 0.9265334420804816 0.3424269556369359 0.23566278600537943 1.0 0.8644763445300006 0.0 0.5581425678308314 0.0 0.8254220287025797 0.45792666736546045 0.0 0.31489079521413543 0.0 
2 0.02354507635533809 0.0 0.1428073555505161 0.40909915607788205 0.825761687256088 0.3766263373536868 0.8837478217475145 0.8892692462312768 0.887975762329491 0.021144781239459357 0.0 0.6499577539076937 0.5151828354048881 0.9831764020750782 0.4082810063096662 0.0 0.7749160013449943 0.44442250446771675 0.3590622623448846 0.6104321112863603 0.0 0.27689303769129736 0.33029979191230635 0.45972981039458305 0.9444664581368017 0.8204942199107891 0.17529088485705624 0.9656274926536804 0.008710882931069155 0.0 0.0016848615289823611 0.9828741139992675 1.0 0.0 0.17090556521984468 0.8753312923285357 0.6221128712393231 0.12568288327756125 1.0 0.009633118779919797 0.890304582259991 0.5970039356403261 0.3291819423208082 0.21212706251910207 0.0 0.12389142753476923 0.4642113909959895 0.8152533625857208 0.28415253114032624 0.32989220662286955 0.5659592911114986 0.02418426873308916 0.8821579048745674 0.30844337400709493 0.9804714550625481 0.43409716914469376 0.25057525959197474 0.02159270856350222 1.0 0.5853226027184817 0.2625272298241648 0.32178406326792386 0.8636211986727259 0.08506319242418292 0.505852890047511 0.4309434929454275 0.09252649423147885 0.6775784512056492 0.8888672683642672 0.0 0.3024172897597617 0.3591168320448098 0.0011868467608221606 0.21269419089838976 0.85339056548444 1.0 0.8474769719899572 0.47787066500836506 0.6968013949411236 0.7133656178510763 0.49174642563824605 0.0 0.6317650882702033 0.5700608605135509 0.1270075285403689 0.6783676194245645 0.0 0.0 0.9339989532933981 0.18455113957138475 0.9862624561959107 0.49357809767709543 0.6853328479237726 0.024525896071505075 0.0 0.766929884211497 0.0 0.26209612660590287 0.4780769760485408 0.007831613864923936 1.0 0.4867997524197913 0.7952381622018577 0.9597053587207083 0.0 0.002409973988841035 0.27690690275779906 0.4924130619838465 0.4090413773021718 0.6410969711209559 1.0 0.20413862320635762 0.0 0.9237407824741124 0.0 0.3067154249524159 0.0 0.2657826896722386 0.022008532053433505 0.3639219454215785 0.8113373510135963 0.9636231356990743 0.8240019185427893 1.0 0.009222802528923602 0.9534444977248536 0.5770390138597286 0.15142954327272823 0.0 0.991594921110011 0.9754516261471883 0.636355457772908 0.7205647883977396 0.517978201586228 0.11036019631535011 0.054764244918495714 0.9962793645077224 0.07020005465433216 0.8049437363116945 0.9723507097245252 0.4410634677433757 0.4290615405010184 9.093645193651717E-4 0.8332424279608135 0.8472909735355338 0.9784316276432035 0.0 0.006938973997787909 0.7998595802603627 0.9497285987721494 0.051865179981136746 0.9686410257404361 1.0 0.15354173237517518 0.2957444835793671 0.2928837810216937 0.19707816106052584 0.9688851374876732 0.978800573302245 0.4400263572740779 0.07012186542353044 0.9632667210402408 0.5643825646895169 0.4582943814578152 0.7524051792977007 0.8508068866058334 0.2033141400338096 0.38648236928916635 0.0 0.8034758673966926 0.6262668206550224 0.0 0.4868310077213341 0.0 
2 0.06453358320391574 0.0011545933117860056 0.43839324706949534 0.2740593523128875 0.8336552496646756 0.456461454791007 0.8957828638053932 0.9381092556709085 0.5969482566107809 0.12397924728504164 0.1289737648072725 0.5650941777261773 0.7486883715101609 0.9877994825462499 0.3796053621509334 0.062231671217233275 0.7837710017890127 0.3165245627130687 0.35879609062830675 0.7133153876933657 0.0 0.28216084684036685 0.22142220947938573 0.5624088459602204 0.9927902848725916 0.7677667561907696 0.3328246747009638 0.9158554957961075 0.053641872138946264 0.0 0.0019958326604693905 1.0 0.7979099378999059 0.0 0.1755097039746078 0.8315503666505216 0.7217123358679942 0.1582221831021407 0.6573955786203922 0.04946571432438551 0.7314507318899106 0.7300973563794874 0.26568130427598 0.21212706251910207 0.0 0.2822300545821286 0.3416265497327068 0.7992226417242333 0.4723241878244309 0.45249130731847576 0.3446557752951223 0.011606452562954861 0.8919817027225775 0.2587096786999791 0.9634652565374803 0.6654579766310045 0.5302677264786495 0.0 1.0 0.5330347051133557 0.13669743081227134 0.2903192184904225 0.8461249948462378 0.04253159621209146 0.6592152762631908 0.763442363731758 0.10935766252055934 0.37368873830091376 0.596551352499227 0.0 0.3210061321059618 0.3284546438154369 0.013176990323045083 0.39058699990660306 0.8405385715437541 0.9067857109082014 0.8181554655871738 0.3237044476954525 0.8729916096458386 0.6328430152058339 0.3083054578351102 0.0 0.7147449918778183 0.6014286568962551 0.6375946842392322 0.6541945736665712 0.02315117529233961 0.0 0.4341637584879498 0.2321721095492046 0.9867038484369688 0.1907055413415398 0.9148902844619171 0.0 0.026772288053662496 0.7874107286777181 0.0 0.28897189050732475 0.2960473594475108 0.010571208088183254 0.513324513776579 0.0 0.8976190811009288 0.571765692359441 0.026747398700014025 0.00946014700566888 0.1808711093237131 0.35673085545014305 0.9072421951231248 0.21293321710310636 0.7498957349193819 0.08080352589986009 0.0 0.550811394216352 0.22047837961389288 0.19892525330896638 0.17118001591828022 0.0 0.139399111014277 0.23480109236162947 1.0 1.0 0.5338204342976488 0.7146519893225509 0.008780031897653206 1.0 0.43922319633695067 0.0898663446504786 0.0 0.9859934865913218 1.0 0.6371713880826388 0.6841600873750738 0.40598472639748145 0.10171923487644433 0.021829327009599553 0.9979883236613987 0.17369017703237627 1.0 0.9454233006302175 0.7946419240949754 0.24520129563171808 0.06879941999277771 0.679272878670026 0.7916505615537567 0.9397747085721162 0.0 0.050049414377377234 0.8375928316442185 0.9714920961356412 0.0 0.8947616583099055 0.9598832119546141 0.03780557334606564 0.3148005022322772 0.38679092457715425 0.12579945549138413 0.9479865719423172 0.9276107038908492 0.8179109633519088 0.1450311430317896 0.8476246123669388 0.7080973707642562 0.4972919785999145 0.8278693076155412 0.8952732986944754 0.20484065800986262 0.5479899441169642 0.0 0.7879757426814897 0.6301663296271189 0.0 0.4655775526435967 0.08501257221033465 
2 0.06230850267175384 0.0011545933117860056 0.2039949677546336 0.37772930902574264 0.8336552496646756 0.456461454791007 0.8950226560902558 0.9381092556709085 0.7889532315076357 0.12397924728504164 0.1289737648072725 0.5573437020296939 0.7486883715101609 0.9877994825462499 0.3796053621509334 0.062231671217233275 0.7837710017890127 0.3165245627130687 0.3440473164707003 0.8255519739013715 0.12093043314465321 0.28216084684036685 0.16169531078825358 0.5624088459602204 1.0 0.7569832720472061 0.3328246747009638 0.9158554957961075 0.053641872138946264 0.0 0.0018378768921272941 1.0 0.9882755118633039 0.0 0.1755097039746078 0.8315503666505216 0.7217123358679942 0.11518376978913156 0.8528121737344115 0.043700221063123885 0.7314507318899106 0.5912814846389904 0.2397881154972099 0.21212706251910207 0.0 0.23097239682680304 0.3416265497327068 0.7992226417242333 0.5037062650143357 0.6693949351934546 0.2392132971799453 0.011606452562954861 0.6331655788843973 0.2587096786999791 0.9634652565374803 0.6654579766310045 0.39660560968935116 0.006277908709496512 1.0 0.6440927785848457 0.13669743081227134 0.2903728696494394 0.8245628052602041 0.04253159621209146 0.6972121274994935 0.763442363731758 0.10935766252055934 0.37368873830091376 0.6194931393942804 0.0 0.3217409576018173 0.3933588597169622 0.0029724607512844614 0.31760265216372446 0.8405385715437541 0.9067857109082014 0.8181554655871738 0.3237044476954525 0.8729916096458386 0.686030567873879 0.3083054578351102 0.0 0.8077371526499313 0.6228551763976848 0.6375946842392322 0.6541945736665712 0.02315117529233961 8.032302059784524E-5 0.4341637584879498 0.2321721095492046 0.9867038484369688 0.3055794621973883 0.82226634736664 0.0 0.026772288053662496 0.7949367163931985 0.0 0.28897189050732475 0.34178977102716945 0.009878299975908438 0.604592692654873 0.0 0.8904380125214195 0.5239264691661099 0.019757771069502474 0.009380907737366793 0.1808711093237131 0.35673085545014305 0.9072421951231248 0.21293321710310636 0.8023306508322621 0.1618180124356863 0.0 0.550811394216352 0.17053611622592207 0.19892525330896638 0.17118001591828022 0.2153716184159493 0.139399111014277 0.3326902624399228 1.0 1.0 0.24865275357621208 0.7960282087360109 0.008780031897653206 1.0 0.5067124884255993 0.21405818860215053 0.0 0.9859934865913218 1.0 0.6371713880826388 0.7270194421613594 0.40598472639748145 0.11249926280923941 0.24319891820775202 0.9979883236613987 0.20253671578066523 0.9010784342333156 0.9454233006302175 0.7946419240949754 0.24520129563171808 0.06879941999277771 0.6700124386106097 0.7916505615537567 0.9397747085721162 0.024558982143985858 0.07348301348524801 0.8375928316442185 0.9714920961356412 0.023279045000864314 0.8947616583099055 1.0 0.03780557334606564 0.3148005022322772 0.38679092457715425 0.12579945549138413 0.9248975299512302 0.9276107038908492 0.8614425758411217 0.14179277327412548 0.7785102121300206 0.7080973707642562 0.8793443280025475 1.0 0.8952732986944754 0.2763031696337461 0.4957102579798308 0.0 0.8032222816944264 0.6301663296271189 0.0 0.4655775526435967 0.05318246033795355 
2 0.06453358320391574 0.0011545933117860056 0.43839324706949534 0.2740593523128875 0.8336552496646756 0.456461454791007 0.8957828638053932 0.9381092556709085 0.5969482566107809 0.12397924728504164 0.1289737648072725 0.5650941777261773 0.7486883715101609 0.9877994825462499 0.3796053621509334 0.062231671217233275 0.7837710017890127 0.3165245627130687 0.35879609062830675 0.7133153876933657 0.0 0.28216084684036685 0.22142220947938573 0.5624088459602204 0.9927902848725916 0.7677667561907696 0.3328246747009638 0.9158554957961075 0.053641872138946264 0.0 0.0019958326604693905 1.0 0.7979099378999059 0.0 0.1755097039746078 0.8315503666505216 0.7217123358679942 0.1582221831021407 0.6573955786203922 0.04946571432438551 0.7314507318899106 0.7300973563794874 0.26568130427598 0.21212706251910207 0.0 0.2822300545821286 0.3416265497327068 0.7992226417242333 0.4723241878244309 0.45249130731847576 0.3446557752951223 0.011606452562954861 0.8919817027225775 0.2587096786999791 0.9634652565374803 0.6654579766310045 0.5302677264786495 0.0 1.0 0.5330347051133557 0.13669743081227134 0.2903192184904225 0.8461249948462378 0.04253159621209146 0.6592152762631908 0.763442363731758 0.10935766252055934 0.37368873830091376 0.596551352499227 0.0 0.3210061321059618 0.3284546438154369 0.013176990323045083 0.39058699990660306 0.8405385715437541 0.9067857109082014 0.8181554655871738 0.3237044476954525 0.8729916096458386 0.6328430152058339 0.3083054578351102 0.0 0.7147449918778183 0.6014286568962551 0.6375946842392322 0.6541945736665712 0.02315117529233961 0.0 0.4341637584879498 0.2321721095492046 0.9867038484369688 0.1907055413415398 0.9148902844619171 0.0 0.026772288053662496 0.7874107286777181 0.0 0.28897189050732475 0.2960473594475108 0.010571208088183254 0.513324513776579 0.0 0.8976190811009288 0.571765692359441 0.026747398700014025 0.00946014700566888 0.1808711093237131 0.35673085545014305 0.9072421951231248 0.21293321710310636 0.7498957349193819 0.08080352589986009 0.0 0.550811394216352 0.22047837961389288 0.19892525330896638 0.17118001591828022 0.0 0.139399111014277 0.23480109236162947 1.0 1.0 0.5338204342976488 0.7146519893225509 0.008780031897653206 1.0 0.43922319633695067 0.0898663446504786 0.0 0.9859934865913218 1.0 0.6371713880826388 0.6841600873750738 0.40598472639748145 0.10171923487644433 0.021829327009599553 0.9979883236613987 0.17369017703237627 1.0 0.9454233006302175 0.7946419240949754 0.24520129563171808 0.06879941999277771 0.679272878670026 0.7916505615537567 0.9397747085721162 0.0 0.050049414377377234 0.8375928316442185 0.9714920961356412 0.0 0.8947616583099055 0.9598832119546141 0.03780557334606564 0.3148005022322772 0.38679092457715425 0.12579945549138413 0.9479865719423172 0.9276107038908492 0.8179109633519088 0.1450311430317896 0.8476246123669388 0.7080973707642562 0.4972919785999145 0.8278693076155412 0.8952732986944754 0.20484065800986262 0.5479899441169642 0.0 0.7879757426814897 0.6301663296271189 0.0 0.4655775526435967 0.08501257221033465 
2 0.0 0.03102419697094224 0.3025795817052752 0.2943996587366933 0.8843123011410302 0.6855378762031458 0.8045403411587981 1.0 1.0 0.0 0.3831868566798382 1.0 0.7805204279271047 1.0 0.3175905211267849 0.0 0.7351594814084748 0.2818011719930007 0.5011316531775052 0.586853085003776 0.1420611804881597 0.31976005395726326 0.14858275868628418 0.6192464282934729 0.7989641225831714 0.9191370040097177 0.10962078614216961 1.0 0.0 0.00885404957119134 0.0011232410193215742 0.8022808660688076 1.0 0.024033965141023843 0.0 0.40486533680621506 1.0 0.20378377163726874 0.9144228164911574 0.0 0.8364263769536673 0.132520895425711 0.44236045521544315 0.26022073454916916 0.5497532859906471 1.0 0.4137572686335261 0.4753080108098055 0.46426625306196256 0.09002374056507248 0.10853241303264416 0.034274336618014586 0.6560415902468988 0.19271719549641422 1.0 0.707511887242035 0.0 0.0 0.6163789702410762 0.3876329059838992 0.0 1.0 0.8208275935613261 0.0 1.0 0.27586799748756907 0.15961802028422556 0.0 0.42932733466085843 0.0 0.40653193769044205 0.30985456642610876 0.01916422620701317 0.0 0.22601740693932793 0.45911295130749563 1.0 0.3906192539229906 0.7992105437087575 0.7848149607905854 0.5995066403577645 0.8183899565474423 1.0 0.7635826632581502 1.0 1.0 0.011550222272850233 0.0 0.0 0.18720076368748303 0.9675279824847304 0.2772745425313432 0.9101618501550224 0.0 0.729658587967687 0.7329967162806256 0.0 0.7335097727341076 0.347179791640293 0.0 0.22201177297324218 0.26405659667060183 1.0 0.9372541028042543 0.09992105909390495 0.0 0.2532847410518342 0.7983973534998716 1.0 0.6298172830065154 1.0 0.2246446329875432 0.0 1.0 0.0 0.1638722310320002 0.054031612515653804 0.24429594441916908 0.24162105663077071 0.01619565219843347 0.5331380326160261 0.7996281244995596 0.6327174929151611 0.352863234670095 0.0 0.9183178498027182 0.5988809498190483 0.0 0.0 1.0 1.0 0.7436801498131824 1.0 0.3254831446215657 0.0 0.21312232943534085 0.9978352558996659 0.18278596494109423 0.7696738915580073 0.8140687614897516 0.21109161119317646 0.5752921843279052 0.15063662629757757 0.8022422529215596 1.0 1.0 0.8240973575615256 0.0 0.4108348043579769 0.8852933858426988 0.0 1.0 1.0 0.1461408374267345 0.0 0.2386949994921778 0.10114011737940964 0.9529685510069221 0.8902438390670213 0.39526486868507316 0.0 1.0 0.6603370503692227 0.5643631541491256 1.0 0.768510237585338 0.0011867925860581108 0.24702906728883384 0.0 0.7484020789980075 0.603819266470831 0.01539657453044806 0.2606454408876484 0.17163778324361362 
2 0.0 0.03102419697094224 0.3025795817052752 0.2943996587366933 0.8843123011410302 0.6855378762031458 0.8045403411587981 1.0 1.0 0.0 0.3831868566798382 1.0 0.7805204279271047 1.0 0.3175905211267849 0.0 0.7351594814084748 0.2818011719930007 0.5011316531775052 0.586853085003776 0.1420611804881597 0.31976005395726326 0.14858275868628418 0.6192464282934729 0.7989641225831714 0.9191370040097177 0.10962078614216961 1.0 0.0 0.00885404957119134 0.0011232410193215742 0.8022808660688076 1.0 0.024033965141023843 0.0 0.40486533680621506 1.0 0.20378377163726874 0.9144228164911574 0.0 0.8364263769536673 0.132520895425711 0.44236045521544315 0.26022073454916916 0.5497532859906471 1.0 0.4137572686335261 0.4753080108098055 0.46426625306196256 0.09002374056507248 0.10853241303264416 0.034274336618014586 0.6560415902468988 0.19271719549641422 1.0 0.707511887242035 0.0 0.0 0.6163789702410762 0.3876329059838992 0.0 1.0 0.8208275935613261 0.0 1.0 0.27586799748756907 0.15961802028422556 0.0 0.42932733466085843 0.0 0.40653193769044205 0.30985456642610876 0.01916422620701317 0.0 0.22601740693932793 0.45911295130749563 1.0 0.3906192539229906 0.7992105437087575 0.7848149607905854 0.5995066403577645 0.8183899565474423 1.0 0.7635826632581502 1.0 1.0 0.011550222272850233 0.0 0.0 0.18720076368748303 0.9675279824847304 0.2772745425313432 0.9101618501550224 0.0 0.729658587967687 0.7329967162806256 0.0 0.7335097727341076 0.347179791640293 0.0 0.22201177297324218 0.26405659667060183 1.0 0.9372541028042543 0.09992105909390495 0.0 0.2532847410518342 0.7983973534998716 1.0 0.6298172830065154 1.0 0.2246446329875432 0.0 1.0 0.0 0.1638722310320002 0.054031612515653804 0.24429594441916908 0.24162105663077071 0.01619565219843347 0.5331380326160261 0.7996281244995596 0.6327174929151611 0.352863234670095 0.0 0.9183178498027182 0.5988809498190483 0.0 0.0 1.0 1.0 0.7436801498131824 1.0 0.3254831446215657 0.0 0.21312232943534085 0.9978352558996659 0.18278596494109423 0.7696738915580073 0.8140687614897516 0.21109161119317646 0.5752921843279052 0.15063662629757757 0.8022422529215596 1.0 1.0 0.8240973575615256 0.0 0.4108348043579769 0.8852933858426988 0.0 1.0 1.0 0.1461408374267345 0.0 0.2386949994921778 0.10114011737940964 0.9529685510069221 0.8902438390670213 0.39526486868507316 0.0 1.0 0.6603370503692227 0.5643631541491256 1.0 0.768510237585338 0.0011867925860581108 0.24702906728883384 0.0 0.7484020789980075 0.603819266470831 0.01539657453044806 0.2606454408876484 0.17163778324361362 
2 0.0 0.0 1.0 0.0 1.0 0.25174802080054887 0.958619800974377 0.9440421829153984 1.0 0.04560704423390305 0.134043077913045 0.756428784111914 0.6998501634855989 0.6153574888269329 0.5346632426618381 0.2660626092391385 0.4486486146537244 0.3060448783427866 0.13785957319659586 0.5332629404283304 0.21506269743803227 0.29200690440001814 0.05603705731633271 0.8555718885372445 0.688612678937396 0.7264655438650209 0.6038553991126386 0.49752011686535724 0.06541646430197452 0.013821880523681957 0.0 1.0 0.3642484006237193 0.020990033069599866 0.0 0.6265365902048847 0.6160260315472013 0.13229486041624106 0.7490094998788304 0.07641268197594042 0.9538705378991824 0.884208952658371 0.09212288809210972 0.6653788520781743 0.2954887672696156 0.41894325616246286 0.32681548042803127 0.5983246534336368 0.4824961696537532 0.0 0.043571671323041544 0.013704750082896837 0.2797571607418592 0.0 0.8662456325288215 0.6520613755435742 0.5008426652425291 0.10318044605559415 0.2892045181235664 0.39298085715414033 0.017912384300510717 0.2497465372893236 0.1882199550326505 1.0 0.7717426731504786 0.47808433676737805 0.09794846170606725 0.9834849408431423 0.4742972300797772 0.0 0.21569997544393107 0.17436969703666003 0.0 0.3204074581930312 0.6610932383891609 0.75 1.0 0.5240687912441591 1.0 1.0 0.29946878637717667 0.012201336369021654 0.35009058369028945 0.9219068324497272 0.8326535151548965 0.20123323139576083 0.0 0.010577139347297225 0.6168524786632714 0.17101463996318708 0.8212212243686641 0.3299089974226884 0.0 0.0 0.22606183324481688 0.9246874414065501 0.0 0.07435180709198375 0.060006792508621565 0.0015832487677844027 0.57367703550902 0.2613505733100761 0.7910091487731762 1.0 0.4276760684397523 0.002719198822096561 0.23000065661879632 0.7469238975116776 0.8638239300639439 1.0 0.5557752509547178 0.4197734558400933 0.2371974659639353 0.881683341588467 0.742501570456836 0.5097223578492445 0.3305506057672133 0.17025177529739627 0.42935911068721383 0.5 0.9655157193627649 0.7067403666628166 0.8138823178203982 1.0 0.0 0.9829629871209521 0.13674599047129743 1.0 0.0 0.7044182779230033 0.668412416211002 0.28474992481238964 1.0 0.8042802413524149 0.5637867132307032 0.37208701058851745 0.9972400445556148 0.0034285638755048465 0.1561252967701114 0.9370901553976722 0.9142091210476379 0.4365544522509879 0.0 0.9464214817818346 0.7252745338920801 0.7013289580709966 0.0 0.05148172372300644 0.5072842249051774 0.19672238663690236 0.0 0.3836300431309918 0.7082243193153244 0.9740872298153941 0.09125057021592436 0.009308138134592962 0.0 0.9188352821012341 1.0 0.05446753639508539 0.4547569637995844 0.40379786346860835 1.0 0.23619132330229375 1.0 1.0 0.686793900815696 0.7862600649926075 0.04798536013360478 0.7167399008640463 0.731429112627286 0.08211506416238966 0.0 0.08836629178931414 
