2.0 0.22756233417387878 1.0 0.7641376232715126 0.0 0.26853219568452924 0.7547536346805676 0.2894964303504179 1.0 0.9203300888566778 0.858976931696637 0.5619218598549086 0.7721465509223955 0.5677889730374491 0.8470217478954473 0.814775190163574 0.009375132808155405 0.6213660266132988 0.09496821307105577 0.0 0.3047231721009128 0.2655007704880884 0.24387185000170974 0.3484252662018 0.3970965883789743 0.5368771042477565 0.19827928903374334 0.6840715885677526 0.5027809330579996 0.2980920450360546 1.0 0.9907179187843026 0.48944066714337897 0.6631413659141945 0.07700681226873415 0.44719022697007715 0.0 0.4933752674522997 0.7199307819343472 0.8952900895873626 0.5840284033007727 0.23634606731417548 0.739121867079178 0.2605055205273744 0.6403245503308275 0.12462126681494137 0.8775362870125293 0.27124563233945254 0.7381524858692776 0.8606931656151322 0.74476161389689 0.22909259684378425 0.32077480639189315 0.28377057371965636 0.6731704288728615 1.0 0.6014580840423481 0.020129492454342507 0.1198526935855128 1.0 0.6383621158808128 0.8669168167871308 0.6002849298428291 0.4595175896174869 0.0 0.6854734657573782 0.2463153807597342 0.2729716519040197 0.08406980110937352 0.8918416730897475 0.7979131106728925 0.4172742735640915 0.3609343562886409 0.7045538698581804 0.7050712026037543 0.6103327431795953 0.2608330604249265 0.40925225511247476 0.4449665449035554 0.4764971260142286 1.0 0.31293018618017954 0.0 0.2329133751990231 0.2955748718053357 0.5651563458900957 0.7743897155264061 0.7757743112233292 0.48343785941722 0.0 0.34893261892274846 0.5100457622768159 0.4479640620845904 0.35579170989856856 0.5883303453100898 0.4719220411485501 0.4728918824035686 0.45544880994229525 0.8155229123515332 0.012662708186571215 0.17748106175556677 0.6642348993918281 0.4943865136896851 0.15723992571787893 0.3501131906038286 0.5511342901002279 0.3782800460986565 1.0 0.1948213051410594 0.40440589823155215 0.14925227523882173 0.8746389236993928 0.21296804414816517 0.5375986608525767 0.14806299140407728 0.3457492442382847 0.6318022920703646 0.5384262726214692 0.0 0.41915300953007945 0.20566764618216474 0.4537254956491136 0.6162698997341537 0.6113175352406213 0.4044128461579767 0.0 0.8605854222861784 0.9265437692418113 0.8819934860823727 0.270124533200726 0.056124981279084885 0.0922726384638985 0.2009596694427091 0.7798515418095905 0.8302914714690738 0.5079553818861078 0.44469868224960724 0.6740875600543097 0.27840742790200806 0.6587703357419572 0.5356102585344552 1.0 0.2931509579126377 0.222641146802297 0.04642235733703366 
2 0.27868296990687824 0.4979386977969933 0.7831596643672254 0.49581464855439683 0.3340583461591362 0.7861515584716153 0.6147889031238774 1.0 0.550632246884955 0.33050558367044386 0.2685105366734978 0.31340772654984717 0.07594221588792327 0.8297797749795798 0.8664625260541382 0.024016157808075034 0.34967269831515124 0.3568903350119547 0.6071962819285345 0.6283525110151025 0.25903241207869465 0.23203140031241815 0.48369929562549185 0.4330879436687699 0.18738140245228652 0.7637425235416547 0.5563457350173482 0.55246279794909 0.2605444087670045 1.0 0.9676223536148947 0.3027709450648176 0.8172031077716935 0.25426199266028615 0.4804141633118725 0.2613288042679331 0.3456457878719669 0.927759128584008 0.939531207685419 0.6303200837448703 0.36374718249826676 0.9769203750598163 0.2658851821275211 0.6494080041756837 0.3987778258354058 0.5446197384181335 0.7706058966786363 0.9059679174740843 0.658099344107542 0.2465129306722899 0.43524493859924457 0.2800829212960817 0.28399613582836936 0.3649473179102908 1.0 0.34158498257790565 0.3192130016306991 1.0 0.15017244017187847 0.6201450623098979 0.8975820345185683 0.7157008612342664 0.7285208904888639 0.4489906765791867 0.8074279199860649 0.4976888675591923 0.9002625746033728 0.42932794300850885 0.5102192769623644 0.6025840991644891 0.22094004971469247 0.42939933489452053 0.5228472924899333 0.6361104643177692 0.7708915964698895 0.0 0.29517248249577044 0.21782418029168021 0.4468668512900644 0.5662985334296974 0.37975801275413096 0.005963266005319691 0.23913566317628318 0.5429397164901453 0.9078699559653133 0.5420176857826271 0.7435115261165712 0.6344915589226977 0.27147050940493045 0.3667914882259956 0.7555121171032034 0.8991820087123679 0.43334168265744644 0.7927539647387661 0.7984079116636227 0.29083242441438306 0.3950494766996886 0.8201831094840709 0.0 0.36265756046254244 0.6817564125900536 0.3333997681188746 0.18982596122116915 0.013728216044280497 0.506411340403509 0.18237699739717878 0.08832872266261793 0.2950679751052775 0.6082483760427526 0.2443922470661179 0.20098425567954742 0.0 0.6825744722217011 0.8102524493341181 0.4533282548418147 0.7285348576769326 0.4410478103752099 0.21778027387616455 0.02594971615478849 0.23268570238037395 0.38691722582564414 0.3616258367744145 0.41723033962277684 0.30849534525473843 0.8486930120395654 0.4050491519627638 0.13392802780966906 0.0 0.29360656283745 0.7724209275665607 0.5684296529185136 0.4207273261703688 0.7487213378179414 0.8760432267203724 0.5439783320569918 0.40969092539076635 0.9297816702896822 0.0 0.6548215625609759 0.8578060670258513 0.5992845246637984 0.22231479558275785 0.2876029101355142 0.21704446930318122 
2.016795822089814 0.4883986323154499 0.9777094631965816 0.8166706643501299 0.0 0.08360399265672949 0.7561154435057168 0.6228529917803702 0.8005751971087488 0.9596979695553474 0.9013688494371669 0.4931130894125947 0.022232287027181954 0.0 0.977993308514472 0.08792057669383815 0.014858959888866183 1.0 0.68753710083605 1.0 0.11627140877648406 0.32464901726723444 0.23314468715814718 0.5187541504157852 0.3044659063376391 0.15196552857874612 0.23572408992009442 0.5925683583034406 0.48873226307850925 0.3782173923570533 0.0 0.8820931967480191 0.35628249321740346 0.9103027941964911 0.4567438997713477 0.4701672403640633 0.14014179921735986 0.5355828628904606 0.7506835730166707 0.8757804086087794 0.5621759284577748 0.2971641391788752 1.0 0.42228028522474226 0.5763536488819023 0.376112693384662 0.8757005145125604 0.9038117509958461 0.9405408320770168 0.9737614083553168 0.9126780418248 0.35928498184498087 0.41658066886982764 0.046545096817273014 0.9386731155053223 0.40268581406168263 0.2009485995814278 0.0903773820440787 0.332473754705489 1.0 0.5762726830266595 0.45823823769266403 0.8488581020737028 0.007128928677359092 0.6095773488193905 0.1869502436181199 0.09991114223429358 0.0 0.3588340263132084 0.5503799486437805 0.7365728886981613 0.12354501113925703 0.7332785800638697 0.04147161861929488 0.34610792912313826 0.81072881950674 0.2181972599677427 0.49530707970502597 0.7454959104021539 0.4992822878935468 1.0 0.7465117556811951 0.24920923595146488 0.7215327032747947 0.4413555016128339 0.4890972603944995 0.7377920036397296 0.4255699065555198 0.3934093896789358 0.2112321326334915 0.34625528697443375 0.7853097009786886 0.7290730949479765 0.6529979708403068 0.691227362535725 0.12473198343617162 0.3846928793110135 0.400988346643796 0.9013476720125987 0.5931186449410891 0.7631268001651731 0.7210599869336205 0.5866555218751927 0.023860244864175397 0.6806412735466957 0.2653519643778057 0.3978230650892772 0.7092043091481703 0.0 0.43044697364937573 0.7303493728528374 0.3597151706137072 0.18576858120511247 0.008151097941160826 0.19875980337012644 0.35952864992382366 0.6569154076743412 0.6148917559418237 0.7277283813340865 0.4180290984843962 0.10211943883138609 0.4632791528954563 0.546898266962552 1.0 0.625435821443513 0.14009035749962534 0.8960360612124638 0.266700288821212 0.2706618778916421 0.21497788834280535 0.38545088450045456 0.18823343128779035 0.4623804702102728 0.6202792850901154 0.7856589501727334 0.6045554925486483 0.4633694480227395 0.908152928385937 0.37540256510193326 0.6092795959116758 0.7476772193539214 0.5407090963584356 0.26893648330433295 0.01887879391426485 0.0 
2.0 0.42787798336741667 1.0 0.8688975824262867 0.34410455568522724 0.25489589408033425 0.6903206477852678 0.38609690644767497 0.6490692829148723 0.8459516186451949 1.0 0.4946960816951138 0.28065460149963917 0.20667417337516059 0.972740246334769 0.12799877798429105 0.006084332492200651 0.1244313304840417 0.30160487219911514 0.3716948546564224 0.7619255367249929 0.39216731221526224 0.241265266725522 0.5513178414548341 0.39674564700164494 0.039276840700184265 0.16068986316293588 0.7269958432047092 0.6400303155205388 0.4587852603644908 1.0 0.8722511588471087 0.7055222632991676 0.5809833316867946 0.12817784403131555 0.5013056263516483 0.1118832445300842 0.4978434692822653 0.9573850231109604 0.9149708558567247 0.43525389030779565 0.2268869186932547 0.8208106602612075 0.3408945892737735 0.8012878339589846 0.38201799509838746 0.8632850403867415 0.6486984586749012 0.7912359684743112 0.7927582808259841 0.9827536949076483 0.3883755581770283 0.42284042876405264 0.2189686222034718 0.15349914657236313 0.3360270496293022 0.6663445575232922 0.0 0.0 0.7190576170169808 0.588431267763381 0.8120712235009916 0.6409206419306279 0.6551957360672372 0.122717138932399 1.0 0.12806398115509185 0.028098404370712704 0.29093072421363286 0.7065984859559129 0.970131832548444 0.36354685033888456 0.34338700372971565 0.2907829542360687 0.757187750872325 0.9420589225273421 0.12416472753519492 0.35874704531748236 0.23138414298522314 0.514711220170687 0.35078189319465514 0.30017933197521807 0.23969406023146383 0.3048116187250466 0.4441926297154478 0.9791365438457722 0.8048110894716582 0.8074979100206867 0.7997944850508292 0.1009331190726456 0.314632821328646 0.60069927389956 0.5762678982197822 0.6431430155808936 0.568404039618424 0.9328819407639114 0.7582161843775779 0.23357331330176487 0.7265708835048288 9.214991740590587E-4 0.1272257055619467 0.6662474027176402 0.27223178631542144 0.0 0.2757980835686382 0.2342621064036999 0.4532915581595313 0.7585213152615653 0.42807057795129894 0.47101166137859907 0.22512512645859012 0.9954201979433173 0.5673986891510783 0.24339001798000315 0.2500230926534136 0.33572449362698237 0.6533100602266837 0.6162140529622806 0.6109742294396294 0.0 0.10902242625057708 0.5650644030350231 0.10375291966590847 0.795428332776954 0.5669128123888028 0.0 0.7317221928556911 0.0642704801896609 0.9013059334821713 0.26845881145872375 0.9029249691126426 0.6469975825719216 0.12334744906717725 0.7122875930665603 0.9920991353279209 0.5797000819364775 0.09185524045877957 0.9175346563558662 0.3024840046672304 0.6590392958275164 0.659747080998011 1.0 0.0 0.0 0.017900867190796255 
2.0000419000690397 0.06985995741355966 0.9047878322797775 0.8861357107613179 0.3992922641770562 0.04515588096676458 0.5767928206148373 0.42025036376575114 0.43234512308234824 0.9561626945182078 0.9287750011203252 0.5800910173901921 0.8110428540333177 0.7672785373633922 0.8294906791813016 0.3233236776697934 0.19820150136320025 0.883484540120713 0.188148746217498 0.11044359405515863 0.9483344951217357 0.14733167895988264 0.22854975907847958 0.5444780225420113 0.3188187427924378 0.0 0.27758127288282886 0.6818306410928304 0.45164245303398665 0.3267623541614253 0.9300237922708898 0.6119984900370637 0.0 0.7140051773534394 0.015490823697962182 0.6037017148407818 0.1414809367877053 0.40781218661550667 0.9138538174163673 1.0 0.6372043169361667 0.24048863050288083 0.8144733979061415 0.18356949745096282 0.464772746388194 0.059851731799491104 0.0 0.6398971742098682 0.0 0.7263834014926271 0.8612091574000142 0.21604137688972028 0.26652363300726306 0.4352404558532195 0.3891358930202208 0.7374389166374651 0.2667761420782327 0.36847193631549113 0.5435225783976058 0.9119590737628329 0.33648894389448175 0.10672178085755352 0.6692745559943679 0.2733870893537146 1.0 0.36222258862194023 0.4221027820087261 0.457964349664852 0.1745327534396802 1.0 0.7278970185953766 0.24818858756363876 0.38807861571285973 0.052476425315502055 0.6473302112544381 0.8623535501804921 0.46937605826335993 0.2897135627211406 0.22619021075785226 0.4105054484960777 0.6620291062245172 0.3209004783934989 0.3083294554284436 0.5809512822021224 0.3039853128983102 0.8501781139590443 0.6692913186997552 0.7731982079026322 0.3248532592706791 0.5550322877805978 0.3187624401775796 0.8036063876161803 0.8066691327298843 0.19444961919485684 1.0 0.43255970075718225 0.531071853766309 0.4997203518879711 0.7980675558295885 0.19945645909586773 0.3446643756017896 0.4644649125406835 0.2450760969137272 0.2466971204645419 0.36476104110055835 0.5613389353563492 0.5327116014004324 0.8773747333768305 0.1691939293225934 0.4775400809754482 0.12607380453366515 0.9583481913826587 0.46535392725855684 0.3873705161761274 0.530202860241928 0.46840201948894633 0.8809115619103485 0.2989087182961807 0.449893065003819 0.4037120751009672 0.11562416150197537 0.9754251371276677 0.662717679728813 0.30765990884350136 0.5778179755259876 0.19422031924342686 0.565845260535762 0.2317854670621243 0.6170340741460194 0.3381616467938583 0.08230735883858997 0.18095964286922825 0.12547457138208823 0.2685342027578171 0.4547513175369015 0.6631240905203023 0.4128422014769071 0.8650208497347338 0.2973458029793729 0.6407050255147251 0.4588752857096171 0.8449968437387244 0.02634694154382536 0.3538899136335232 0.08406773785793546 
2.0583579203090023 0.36024797938639297 0.4385726176420978 0.8986863204727891 0.6066059499533478 0.11921741641583239 0.764593914820947 0.09433251919940652 1.0 0.9452764775334122 0.7508324045486392 0.40318121601314205 0.27670165366651023 0.16737970790034248 0.4343236108186444 0.6615425902759868 0.009993082961830914 0.37423324626585464 0.07909587914305345 0.0 0.0 0.35565823603039215 0.22799811069794498 0.36746109024263146 0.30070976292898854 0.004265195203520786 0.29100755619234564 0.7008030075076508 0.5942356704938928 0.6292260245631108 0.8121518123601761 0.6160085542656284 1.0 0.6911739598658858 0.5952659548481416 0.4835270808977142 0.09362714792006671 0.3303502706939733 0.5112037201562468 0.9158517601966202 0.5167873661821404 0.12055137518853831 0.34848505044283745 0.5094349224996251 0.5574809270748469 0.18700921326311798 0.8703125479099756 0.3837284492451973 0.8128428119333747 0.0881352077692522 0.8485710269561497 0.20999105108873803 0.5681346556125613 0.28533649438704123 0.5542689002700291 0.1324721086345841 0.8325957824272878 0.1797405363163599 0.3014413423499872 0.8150654735846465 0.7863031919274769 0.8532269652442982 0.7917366894387281 0.43364355170265295 0.10144443003513112 0.5012499660021844 0.2468926685801488 0.1929962481993423 0.1893098145437773 0.7053698960666142 0.876147978221765 0.36776160301394417 0.35888231158548367 0.183266594186308 0.2135852080210784 0.867647370131563 0.05962497598767591 0.3405823753271604 0.866314654501847 0.5074907286816077 0.47336149413040696 0.4207313717611695 0.7471753312188256 0.5603542269525804 0.34735571963567125 1.0 1.0 0.6929190502669308 0.471185512724475 0.12892085435823666 0.37972955587170976 0.5562335958433618 0.4766655782623272 0.2658777252049403 0.7475311062202997 0.6266297650891021 0.509476670466902 0.848154164248022 0.6000583227756725 0.03714501703788572 0.10897891589208714 0.7383847801426124 0.4068247099194781 0.5726135742862832 0.26020098383378365 0.25111034917255304 0.6265623575886017 0.5966107008623581 0.2885934603552921 0.3822167727942085 0.32564272283471846 1.0 0.40935957011871754 0.0 0.0 0.21904753942565452 0.8407082673011843 0.6597650643999231 0.28675991616310054 0.40189842006040327 0.0 0.48001454893882667 0.09702682676637965 0.3312923098702324 0.45242978489217883 0.29507265687519735 0.9846095004534995 0.04039593828942929 0.6780637341080535 0.1590132972776526 0.8193613595331741 0.40751620025839386 0.5194584189886056 0.45035740627728754 0.5592357894954612 0.8399878082495136 0.47166412121287216 0.8288710996661112 0.28637076599698535 0.6786219535195933 0.5772721081001151 0.8883935767685506 0.0 0.2983263484146998 0.05476861228593497 
2.0245301810321203 0.538479923301274 0.49443448551202435 0.31959503527020505 0.6620532786801483 0.31525994901873977 0.5641002558792851 0.07645733976285195 0.40591460994191386 0.8969244768749696 0.727166958086517 0.31669473774905543 0.45490610665379405 0.4875397364378724 0.7554968496373056 0.753120437531221 0.004041945171490499 0.32191284090847366 0.056369193209792445 0.3831706190529262 0.09313447976124531 0.28118680893652304 0.2273789651691763 0.8825140774692837 0.29725770530649664 0.14452406692186567 0.4529371207233521 0.6727298228267645 0.8449316922987754 0.184389914242257 0.7642284007403033 0.1132404731339958 0.16009690368650237 0.6187386634778544 0.11058997000715637 0.5025292487082654 0.15952870421753326 0.6427310733869183 0.6023658921006442 0.9157356980618004 0.461478349568486 0.21767613619150222 0.8437113123610492 0.191202031911326 0.8490782847271806 0.2924456677341219 0.6191589050371054 0.5060332600907181 0.41708265198125655 0.6534197373612511 0.8658632123572394 0.2989963999623547 0.20359897814890326 0.0 0.6464083593039087 0.3609973863275231 0.3532854901957777 0.024057584809573096 0.0 0.41464556985535994 0.5238311706704072 0.8132102564172365 0.7415751571122513 0.4390806699758379 0.4352603627361712 0.5337805684927261 0.23223546401768363 0.07261650256680123 0.24725468404812334 0.5056638089406292 0.5917632565331121 0.19665227318293726 0.577871935592996 0.2618827072884288 0.5161581110765664 0.26116525423218373 0.3551321807538166 0.3655453082486857 0.11752150278548969 0.5131064379870446 0.5397160159876212 0.40288925702596323 0.12647971151758208 0.7453777833483682 0.12083181198777303 0.5239655831252314 0.3949881645907209 0.6188421708836838 0.7008819074349292 0.32309493904858655 0.004282913588980031 1.0 0.9444999085574473 0.5443442539505251 0.6974788811732879 0.3617055329093338 0.15904044865192102 0.3963970586722272 0.7197152344004689 0.8356680414792332 0.5545443825295511 0.7436200271767586 0.29975210656625084 0.3640433791787055 0.9033785360684775 0.2280265100757248 0.5738431567326507 0.7774306558260903 0.24183513418089173 0.33225042367428653 0.2714535131985085 0.8748842042474846 0.541260475241041 0.42174135920091516 0.4768421077744652 0.4317362676919566 1.0 0.4258257660392174 0.28313067118609403 0.9766160628389693 0.2712479223955173 0.0 0.4993474633301763 0.2739076090618111 0.5998481715593476 0.8354340878164741 0.7206837144818034 0.7989744472858814 0.40226579193652234 0.04662680804647331 0.8816010338382777 0.05038021221353067 0.812488892889097 0.44647784943145685 0.7890409250520305 0.49099701596086454 0.3805442145549666 0.7742976645178873 0.30050291265557394 0.5786256180486867 0.6397512310705065 0.9006384274034942 0.0890605880289877 0.3446044728450929 0.0 
2.0158214692638823 0.5054886473333711 0.7201102206726895 0.7015756225392121 0.0 0.2379763637366436 0.7595450344227496 0.2985266884244179 1.0 0.9316891209189911 1.0 0.8971889058836546 0.7322531056463939 0.7495849062627511 0.9383783668404294 0.8350345924980922 0.021732295260949802 0.71070657822102 0.009399856642202074 0.29205666577218115 0.31031323444362646 0.33088894286022674 0.24326352956448027 0.37043059003087375 0.3944630031359473 0.5322794848392325 0.22694389500772072 0.333757213550127 0.5033341066393867 0.540029532107283 1.0 1.0 0.48180640951490095 0.6836144091885104 0.04844706253245076 0.45477113262054936 0.0 0.5044103742893187 0.7044854038731224 0.9308116495868384 0.5392345681508355 0.2294081749128057 0.8043884173582356 0.3350756835604137 0.5826128317569139 0.18386150225142683 0.9214532903057993 0.1825029374155878 0.8245574637714481 0.49346218755083704 0.5354885588164836 0.4468634026811047 0.34382410048697193 0.32733193369801755 0.6834628230121474 0.7651146775491177 0.6192193823483275 0.3413189224196238 0.0 0.2139816489937868 0.9021670734968148 0.9998373014867106 0.5556934022430564 1.0 0.061018649976066416 0.6551135595764532 0.2501989384335134 0.2525128737396236 0.26680879473324454 0.7780195052662421 0.721904191743946 0.0 0.3323710889373343 0.6028413017185799 0.33846593999841945 0.619210408310986 0.3007544150217351 0.4141655711770096 0.31761090061615493 0.4413561514986912 0.9674666731784294 0.3434862667301554 0.0023683299072365105 0.28977949058027996 0.29251528317596476 1.0 0.78896205030552 0.3351509326952197 0.7460057812536252 0.0023053265493426685 0.28813337883101486 0.6481594712546834 0.4209760984826872 0.7037464292828404 0.6433166766739585 0.5724129119862356 0.4433646290593211 0.48529768521724004 0.7975494001028335 0.012500884197227771 0.14682733292114564 0.5279427101397111 0.3920433211596665 0.0 0.07211146505365837 0.4923322651894386 0.37714089132042217 0.964354153415606 0.31778995653101194 0.3325016809752324 0.15194418251158953 0.5906523622928264 0.32303982614869375 0.2791560181024251 0.12363495678130293 0.3294286885281377 0.6049571332852437 0.6724155219990484 0.04030909122253932 0.4785657885537981 0.17663363366574256 0.5016614993593844 0.6130556692332769 0.6854048143239762 0.09001450803752192 0.0 0.895863145763067 0.8289517892811167 0.9849587754348728 0.14732358186443506 0.4539920262486369 0.10486003323232168 0.21334322312023743 0.7300660199203043 0.8663245629743697 0.5396925638574791 0.489871892575725 0.6549139690815997 0.2891415503918055 0.7127195172822132 0.6630252603025399 0.21235774394409984 0.28224075090404765 0.23302766237279537 0.33617657097197445 
2.0245301810321203 0.538479923301274 0.49443448551202435 0.31959503527020505 0.6620532786801483 0.31525994901873977 0.5641002558792851 0.030721975274276878 0.40591460994191386 0.8969244768749696 0.727166958086517 0.31669473774905543 0.45490610665379405 0.4875397364378724 0.7554968496373056 0.753120437531221 0.004041945171490499 0.32191284090847366 0.056369193209792445 0.3831706190529262 0.09313447976124531 0.28118680893652304 0.2273789651691763 0.8825140774692837 0.29725770530649664 0.14452406692186567 0.4529371207233521 0.6727298228267645 0.8449316922987754 0.184389914242257 0.7642284007403033 0.1132404731339958 0.16009690368650237 0.6187386634778544 0.11058997000715637 0.5025292487082654 0.15952870421753326 0.6427310733869183 0.6023658921006442 0.9157356980618004 0.461478349568486 0.21767613619150222 0.8437113123610492 0.191202031911326 0.8490782847271806 0.2924456677341219 0.6191589050371054 0.5060332600907181 0.41708265198125655 0.6534197373612511 0.8658632123572394 0.2989963999623547 0.20359897814890326 0.0 0.6464083593039087 0.3609973863275231 0.3532854901957777 0.024057584809573096 0.0 0.41464556985535994 0.5238311706704072 0.8132102564172365 0.7415751571122513 0.4390806699758379 0.4352603627361712 0.5337805684927261 0.23223546401768363 0.07261650256680123 0.24725468404812334 0.5056638089406292 0.5917632565331121 0.19665227318293726 0.577871935592996 0.2618827072884288 0.5161581110765664 0.26116525423218373 0.3551321807538166 0.3655453082486857 0.11752150278548969 0.5131064379870446 0.5397160159876212 0.40288925702596323 0.12647971151758208 0.7453777833483682 0.12083181198777303 0.5239655831252314 0.3949881645907209 0.6188421708836838 0.7008819074349292 0.32309493904858655 0.004282913588980031 1.0 0.9444999085574473 0.5443442539505251 0.6974788811732879 0.3617055329093338 0.15904044865192102 0.3963970586722272 0.7197152344004689 0.8356680414792332 0.5545443825295511 0.7436200271767586 0.29975210656625084 0.3640433791787055 0.9033785360684775 0.2280265100757248 0.5738431567326507 0.7774306558260903 0.24183513418089173 0.33225042367428653 0.2714535131985085 0.8748842042474846 0.541260475241041 0.42174135920091516 0.4768421077744652 0.4317362676919566 1.0 0.4258257660392174 0.28313067118609403 0.9766160628389693 0.2712479223955173 0.0 0.4993474633301763 0.2739076090618111 0.5998481715593476 0.8354340878164741 0.7206837144818034 0.7989744472858814 0.40226579193652234 0.04662680804647331 0.8816010338382777 0.05038021221353067 0.812488892889097 0.44647784943145685 0.7890409250520305 0.49099701596086454 0.3805442145549666 0.7742976645178873 0.30050291265557394 0.5786256180486867 0.6397512310705065 0.9006384274034942 0.0890605880289877 0.3446044728450929 0.0 
2.020132815569792 0.2318696947366145 0.34895729597763503 0.8475926472266433 0.31779999985358776 0.2368061020383852 0.7008629212881045 0.43323636433050117 1.0 0.8262637213853106 0.7481573348012667 0.41012937684371226 0.9426176534141547 0.0 0.8887245086113928 0.8538253895086266 0.01984004365694654 0.959339563690914 0.27467678597151124 0.4818354551356141 0.6365598228211675 0.27785563793567136 0.24408699049661045 0.5253045505003237 0.42441404467402893 0.2547284981759424 0.5349121240640329 0.5708057932791646 0.5427566061616896 0.44926526422068946 0.9159797524964671 0.9968781081585965 0.40544960481276815 0.8014798148405583 0.0 0.4405441510924804 0.03935012545247106 0.41629169581943015 0.7402398830247854 0.9078210933153381 0.5536299641825607 0.49891880844681397 0.759661910564515 0.3417280742343182 0.6193020784211806 0.059272214308158655 1.0 0.4128595910011311 0.7966895654152358 0.7900022498906469 0.5618143649146105 0.3062022009428885 0.3889136187903671 0.2870621116653325 0.5094856298245275 0.7118257465375579 0.7976411783307668 0.09741322287865495 0.0 0.40602063355712287 0.6563884749229685 0.9589329328579048 0.6551827998385314 0.612426840150533 0.4893545828679589 0.7868906552521013 0.28374625691801764 0.4812455120146672 0.357256452463127 0.46390814738535063 0.8846524571256106 0.1485707807732215 0.3666083578658455 0.7695476811906092 0.8069082238943035 0.9797193643007697 0.03492834732233683 0.3833164317110307 0.566198571478286 0.4343864520639889 1.0 0.33637970353122665 0.30651579783874383 0.3366645766694165 0.6349234046925638 0.0 0.7620662222400685 0.8225250502424635 0.9760856879603534 0.050097548255753396 0.3315847821507299 0.5953068870496147 0.9070157934346431 0.36472021952660305 0.5545200902680213 0.3975161647970584 0.423980279371179 0.32622487150900936 0.7950017155621911 3.0567184915163305E-4 0.2134733361746099 0.685927308813868 0.3006198205038645 0.17570258093793215 0.05071838532533961 0.337857724850471 0.510856996842012 0.9893398527254679 0.3081792537044063 0.5176540217853532 0.26842337739661404 0.4141762401726702 0.16952299798784065 0.38027138470599153 0.04018091305178355 0.31451879977951225 0.7917987674322673 0.592460627857348 0.4671286110169436 0.05289218152841191 0.21578144190655538 0.4523290858868471 0.6355623749844934 0.4201362148707601 0.3315153192780544 0.16784944423583292 0.8778312868352678 0.28053386447531364 0.14506255317411737 0.19540016280678316 0.3797664069923417 0.9928347469525814 0.2535688187984832 0.6869342403507955 0.8575277557136861 0.39202013816167613 0.4100584220182596 0.9980409868855975 0.17375221819040898 0.6739898028003798 0.7684798162690587 1.0 0.27289687945334 0.3845719061486764 0.07004286789763996 
2.0308825352743183 0.6470155922145896 1.0 0.9033246332152449 0.07655264440386633 0.22710824153990747 0.9142569671174026 0.28105205511448644 1.0 0.6214567178155386 0.9100259809574729 0.6768364330128395 0.7162973148060655 0.0 0.5021753116995534 0.9566022472454694 0.004185853505446268 0.667255456333261 0.7375368056241314 0.1382122706984708 0.8489641400080514 0.25360756658868483 0.23400472551029142 0.40667321064975515 0.3464200289908485 0.4507143987344462 0.17337364940273028 0.6925179893242646 0.535487121044949 0.4177980544468624 0.9067779338829905 0.8932018752074598 0.4993179654382717 0.8475259106274641 0.11944152827652603 0.4546416009240905 0.17448346340344806 0.5612603565992105 0.7419292925116573 0.9237959442151638 0.5607773035205392 0.24550859174055423 0.7903001321129115 0.32774021303917555 0.5257667383630976 0.0 0.9118670847903472 0.09730704286249392 0.8885650802017337 0.2071882195990471 0.8232616173135108 0.0 0.3281974410308686 0.29351737064631017 0.6423752041249541 0.25457615830068736 0.25807566061254283 0.3053150056817543 0.42508802779845734 0.22707044322380648 1.0 0.8027580879025658 0.6224921760081997 1.0 0.47525904932165774 0.0 0.37374805924272125 0.3790236055068929 0.583350648127707 0.6599481499918336 0.7140180810503529 0.6551602438098585 0.13317426580117797 0.2765647691823699 0.17870656622923542 0.9992739554048545 0.39928782375027844 0.2625331485962913 0.26817613769882176 0.4533197624127494 0.9147123300751615 0.5884544761297291 0.0013195180665185047 0.5374486441449275 0.7430592083361449 0.45230835797391594 0.8007738711396458 0.5592660056402559 0.44603669035769933 0.168995165115125 0.3310591752641718 0.6540366546975029 0.46426463129325646 1.0 0.39048778725818933 0.9497464356583118 0.4583441339000552 0.42182863854729885 0.7384015612158981 0.05705071821616557 0.5216945593981301 0.47320609109040523 0.3202857364245267 0.17940193244021785 0.46929529488269484 0.4145235443779677 0.4039340857730045 1.0 0.5354485465926445 0.23664883185633945 0.1338826760191896 0.8440395792616823 0.0 0.6443231370004507 0.26783916670967256 0.7689749967876017 0.7733628285152951 0.29190539472104937 0.0 0.7847196260966514 0.0858393389057922 0.4902445780361257 0.5901655832475391 0.6543652926258762 0.022999554061378935 0.18368537906144244 0.865465264019586 0.49400487036950347 0.8293098775434153 0.2580352157221272 0.5016636603883682 0.0 0.3071783424390224 0.7653284699733992 1.0 0.9673593494079515 0.2142621299555585 0.942201344350684 0.3014339701522116 0.6995472015556552 0.5246740968357578 0.6741432572902626 0.2897706883783166 0.31704015885946685 0.3046115349304528 
2.0 0.5124217855210168 0.7178135591914152 0.7825790445039804 0.1180606205790115 0.11779384318195743 0.8184650482131319 0.643118546349015 0.4454820853844291 0.7684417891663073 0.96128400314727 1.0 0.3945933177943111 0.3773668626911057 0.6664243616464818 0.5519061487533169 0.036504276279617484 0.20386092152058466 0.3236513862264026 0.09509773528171389 0.6468874315245912 0.2962911204862335 0.23290741208977314 0.09000094120439667 0.4217383994014747 0.4520464145187125 0.3405378550813317 0.5464096848443445 0.4954165000324059 1.0 0.19488371599425147 0.9074978659613299 0.21285050258896107 0.8432107579639491 0.0 0.43798022665558733 0.15630818777831837 0.6339637976291128 0.41182310972638303 0.9070532190892893 0.5675302687519624 0.10523852386413253 0.6724724455915745 0.31746679308912473 0.6419750578098228 0.48410374626094954 0.5275802978184151 0.5757280200636671 0.899963104595068 0.8315537762118718 0.9912879943616134 0.6528013589409313 0.3169955506461266 0.2743085011098238 0.0657617953823171 0.9196615899490922 0.18179368796097262 0.5803482925991177 0.3188054330753811 0.8187065027992153 0.5802649954464227 0.7066764262653914 0.688083247984354 0.5415342505543241 0.6860846113815413 0.7686525434472337 0.40750643946180476 0.32062120895344653 0.2981162609296507 0.4356054846080302 0.7545578127041693 0.4158222764777665 0.02836080982187232 0.4512576292925551 0.7306971863086466 0.46185539313741536 0.2563620068345983 0.6302485959897752 0.18988815523250685 0.29826232375793094 0.8197269997117519 0.27352304129818245 0.7789486579310589 0.30029938401240197 0.35478129343333437 0.31674553049067156 0.9136893866371745 0.6803119081330953 0.7026302933223474 0.0 0.4436145563258291 0.4531136063799289 0.5164765361612148 0.6982186819207579 0.5552963618447874 0.7233553434676164 0.7242601474511191 0.26643176729664053 0.6985408164362656 0.36204068746938955 0.22508209408055116 0.6818738842924881 0.2968185989165353 0.41499256717964916 0.2602158491935732 0.04874542200071524 0.43038932245939404 0.7526936466799655 0.7552078929330872 0.1742430238427253 0.19654246246582283 1.0 0.0 0.07096666557102704 0.2055397238394518 1.0 0.6327143596054944 0.5337242813612182 0.8949100876889465 0.7676139079464864 0.3628715966414141 0.22618741037316276 0.6386612050491206 0.604735794938745 0.4907754842669082 0.2853921246726505 0.7339589951641439 0.19068263053361087 0.0 0.19750012416245782 0.27087597801386376 0.28510370982209915 0.5114171369578011 0.6035010822305094 1.0 0.49308461733246584 0.24953044972199717 0.7416710829127416 0.276080084177661 0.5188657503904763 0.6034439137790056 1.0 0.18663271411060195 0.6328526296348155 0.09550040885915351 
2.053367215398438 0.3685598398580741 0.43780615862626776 0.9278265807199461 0.590403727641845 0.07004284650732534 0.4861068685380676 0.1356829587672317 0.9959890037136732 0.9755943301879014 1.0 0.40498874838449367 0.3018921997151198 0.21353449092313354 0.41103891986492425 0.4463958473725729 0.04757257171868172 0.4454946847346556 0.1205024374071794 0.053621321746123315 0.0 0.3542908905238495 0.2279757001402042 0.4847390499571818 0.2991879043206421 0.001086324462773132 0.27154211680643275 0.6785503287537932 0.5912775117864697 0.6300038725045912 0.8450508670895884 0.6121361796430754 0.84596315972553 0.7922314162850316 0.7472343115811237 0.45990792075670744 0.06320111068058923 0.4552346650381561 0.5222058272973089 0.979733724900292 0.5460697743022586 0.11904656193678959 0.15412405793928802 0.4797092948081619 0.557081519430775 0.17577100267996257 0.9447836182485445 0.48084488091486915 0.8370094757325921 0.6688594883702101 0.9625076660079576 0.09953349458373907 0.6133348604852443 0.28508862886594283 0.6175879382506029 0.11474463213898872 0.8946558426399196 0.18005073010916933 0.2865180952616893 0.8528233786096957 1.0 0.8586546597100924 0.6636411296647289 0.5963515700109794 0.07811992804023916 0.5112512422292793 0.22372120153330094 0.15893506271176017 0.23096258691458482 0.7072703820512979 0.9405984305812582 0.5447077064669177 0.41320032526285727 0.22739909122196394 0.27046566010706685 0.9888480213574096 0.05863445973867977 0.34067907325323843 0.933354331194924 0.4194705024857224 1.0 0.424538374340193 0.7798255367840095 0.5642021083660687 0.3367201821832722 1.0 0.8261476629960509 0.6844132343915054 0.4566981905010771 0.049786570161813926 0.3737107720088553 0.561924389162085 0.6093661192798622 0.2232057998078506 0.748593554684549 0.6157988992638124 0.5089750287112701 0.7719084284780553 0.7347152210368618 0.007504995420052438 0.43561870890878196 0.7880766032444679 0.3998066241548975 0.48923136442455195 0.2693780658062458 0.2506527131950953 0.6349645178832473 0.6428806909221955 0.1166370734297758 0.3911469262610615 0.27122016713505687 0.5679640353957006 0.3388947661127647 0.0 0.0 0.19462144939474926 0.8496253452145934 0.21561860686839757 0.1936421793345047 0.4180442069361767 0.0 0.591160877540423 0.45417884599978 0.3187696812794282 0.37939563757062356 0.19175844393227875 0.9846137421351467 0.3475182815993693 0.6880551182750745 0.18290092802732452 0.8294702931274347 0.3196228239826745 0.5085032204990779 0.3659645055355809 0.5187750826143777 0.8538341955904443 0.4739244558011465 0.8576399829160929 0.2863470847993955 0.6801922710024588 0.5316194896214824 0.9563410364136496 0.19457256714573198 0.31173793132616595 0.06036614094788837 
2.0 0.42787798336741667 1.0 0.8688975824262867 0.34410455568522724 0.25489589408033425 0.6903206477852678 0.38609690644767497 0.6490692829148723 0.8459516186451949 1.0 0.4946960816951138 0.28065460149963917 0.20667417337516059 0.972740246334769 0.12799877798429105 0.006084332492200651 0.1244313304840417 0.30160487219911514 0.5011354051951321 0.7619255367249929 0.39216731221526224 0.241265266725522 0.5513178414548341 0.39674564700164494 0.039276840700184265 0.16068986316293588 0.7269958432047092 0.5317353020484311 0.4587852603644908 1.0 0.8722511588471087 0.7055222632991676 0.5809833316867946 0.12817784403131555 0.5013056263516483 0.1118832445300842 0.4978434692822653 0.9573850231109604 0.9149708558567247 0.43525389030779565 0.2268869186932547 0.8208106602612075 0.3408945892737735 0.8012878339589846 0.38201799509838746 0.8632850403867415 0.6486984586749012 0.7912359684743112 0.7927582808259841 0.9273667478688249 0.3883755581770283 0.42284042876405264 0.2189686222034718 0.23615525632049167 0.3360270496293022 0.6663445575232922 0.0 0.0 0.7190576170169808 0.65516788231918 0.8120712235009916 0.6409206419306279 0.6551957360672372 0.122717138932399 1.0 0.12806398115509185 0.028098404370712704 0.29093072421363286 0.7065984859559129 0.970131832548444 0.36354685033888456 0.34338700372971565 0.2907829542360687 0.757187750872325 0.9420589225273421 0.12416472753519492 0.35874704531748236 0.23138414298522314 0.6479443616308311 0.35078189319465514 0.30017933197521807 0.23969406023146383 0.3048116187250466 0.4441926297154478 0.9791365438457722 0.8048110894716582 0.8074979100206867 0.7997944850508292 0.0629060878776754 0.314632821328646 0.60069927389956 0.5762678982197822 0.6431430155808936 0.42813610386079093 0.9328819407639114 0.7582161843775779 0.23357331330176487 0.7265708835048288 9.214991740590587E-4 0.1272257055619467 0.7023915902885787 0.27223178631542144 0.0 0.2757980835686382 0.2342621064036999 0.4532915581595313 0.7585213152615653 0.42807057795129894 0.47101166137859907 0.22512512645859012 0.9954201979433173 0.5673986891510783 0.24339001798000315 0.2500230926534136 0.33572449362698237 0.6533100602266837 0.6162140529622806 0.5377335536186301 0.0 0.10902242625057708 0.5650644030350231 0.10375291966590847 0.795428332776954 0.5669128123888028 0.0 0.7317221928556911 0.0642704801896609 0.9013059334821713 0.26845881145872375 0.9029249691126426 0.6469975825719216 0.12334744906717725 0.7122875930665603 0.9920991353279209 0.5797000819364775 0.09185524045877957 0.9175346563558662 0.3024840046672304 0.6590392958275164 0.659747080998011 1.0 0.0 0.0 0.017900867190796255 
2.097942713385003 0.5091218276551238 0.7575652238215742 0.8173248698418508 0.042488616313714714 0.11277381683855854 0.7439156537651246 0.5352122120800422 0.9443702897987247 0.8173890935638068 1.0 0.8466533158122898 0.3092255508273818 0.24442593352543862 0.8022383596990262 0.08750014020614588 0.02224004021834397 0.23497777776221157 0.362506813322531 0.4299896225593193 0.7227690932973885 0.3689392373855501 0.24409227394058833 0.45888230410528674 0.4109010238051714 0.5015161060942281 0.3589090411435735 0.705926429398982 0.4777973898751945 1.0 0.754805864214318 0.8935966695059735 0.31180902203900607 0.8698866571139854 0.2736009831791946 0.47018358058505133 0.12088146825761292 0.4961844342446061 0.8830437485805335 0.9028233368525354 0.5607066406243655 0.4589454587118048 0.606501441133973 0.30373170057639154 0.7497301879791969 0.14280846323683002 0.8681468880195239 0.5716359220499596 0.8574654626052096 0.8227852313037196 0.9725175422856885 0.48465707941371994 0.3845231087324056 0.24840662824135123 0.15920558550172836 0.20681665220911152 0.18206626230963585 0.3486454667739938 0.3197500875936442 0.0 0.8422064876864773 0.4766008124249238 0.6990996272501019 1.0 0.4405320239077115 0.728067331898461 0.5110041880886893 0.32044920469666643 0.4497107218635494 0.34709590764727094 0.7359043023160842 0.46728105464677705 0.12391087132423112 0.3618114585694615 0.9128333571985289 0.8826381274614534 0.25038096824619627 0.5940701655885605 0.2526017056323896 0.05142706828764017 0.0 0.27489223302635885 0.25235251578324147 0.3691972806498326 0.359177131628193 0.904784022448326 0.7870754713690751 0.6793386153255884 0.7130231052541411 0.024725331005187635 0.12605576769917104 0.5355571326332652 0.7633784829588749 0.6695343539286152 0.25750499702649154 0.7215675746579332 0.8213980661874447 0.23090499491533834 0.6908819415531563 0.10980095913711482 0.276730862969859 0.5600924050767165 0.28956806613105057 0.0 0.2705359591573897 0.22975903178630186 0.4301308117874699 0.7150606530728961 0.0 0.313094708850512 0.36839559525455734 1.0 0.5006491954157521 0.07019428063914326 0.1844335828141526 0.0 0.5862664216298202 0.006569270543115513 0.13018787525954303 0.3876020149310356 0.30253777573464996 0.6810825095363504 0.27696533105335697 0.9033875049366404 0.5106491770883119 0.05462880483527367 0.6474826657628182 0.1965890865954968 0.6234258499060472 0.15952137765641222 0.4781039109609918 0.2766688299538673 0.0 0.7280365418770032 0.8332467466002347 0.47061450622514367 0.39560810804577407 0.7440552423624143 0.49745726410915625 0.6525746146788274 0.7566518342779983 1.0 0.1307814486685089 0.47086205281903326 0.08672468000701182 
2.016191510475563 0.4434949930599683 0.8648295774912325 0.7064323086868144 0.06800310537325027 0.2727625381905042 0.6353713894998774 0.8127157797922553 1.0 0.9230297609438011 0.8276668313261017 0.5801273660640808 0.8174079918558654 0.7178992082092973 0.7054297848258141 0.8661509258675233 0.02556181941473852 0.6433934514262293 0.08990504165453936 0.32705104725665085 0.28372254383283735 0.10087397538894367 0.24858666390898126 0.22616328992833365 0.40299253524371176 0.6707556040248552 0.32828419325166724 0.37758798426854534 0.5155133532587588 0.5051009712719934 1.0 0.5698858891030202 0.8121639930206453 0.6958745441081234 0.08139433579498064 0.4575675491911161 0.17847477129123968 0.5092104498583404 0.71064294603262 0.9308414983227651 0.9765284738422765 0.2323610538235262 0.8024742734962498 0.03083806919954546 0.5818950552271125 0.2532531643662467 0.8743168826494516 0.21587262089691736 0.8244609518624696 0.8005704894530552 0.8349079076249799 0.08190821436326351 0.3346205391545114 0.3092804112391085 0.6538041058762866 0.7377244734844217 0.6148863682765191 0.32428684442244693 0.1703946893486072 0.322148985340105 0.892085629463012 1.0 0.502541804936447 1.0 0.5574887597283259 0.6577119280747085 0.28473825918612683 0.24521578206467626 0.3683568871875741 0.29198262341429726 0.718970366626027 0.1363019482315795 0.34105602132090473 0.0 0.4765590967871202 0.6680406463798344 0.13754828521135493 0.4362199724305668 0.29840232073549183 0.5542746843945648 0.4419073169092443 0.2534678269036955 0.0 0.6587610836265854 0.31456830678925113 0.8067549549969628 0.7876442187243956 1.0 0.8291729627756121 0.15563294061026592 0.2016831479508805 0.0 0.4153051088965118 0.5018752147031256 0.7417624725339376 0.42623995513750595 0.44375253281723587 0.0 0.8015080664563656 0.5282464063169493 0.09078794959708901 0.5513527309519888 0.28223648358520886 0.0 0.306829299838413 0.5136618329497318 0.4632210141125005 0.5554354456951602 0.14994609808192771 0.4572188731216674 0.7814302212136248 0.7608154383998473 0.30495227840139055 0.2941399167787818 0.0988029687452216 0.6007506426260569 0.5786820181693298 0.3988409811755705 0.5189039120696921 0.39265445288465745 0.18124111212540236 0.25186298074060587 0.5251307425088274 0.536090118900414 0.882999645190836 0.12210934570182476 0.3498365451150027 0.8583755514522181 0.6240324611277949 0.16834241461094573 0.3440175814003229 0.03329304804296156 0.20038650615571874 0.7944496867832089 0.8269205844733393 0.6915870219864952 0.4409429237259078 0.6960073081657427 0.2791962185661422 0.6533174296131259 0.6894103693994978 0.7126981257073225 0.350188900289662 0.14225464478096597 0.20966881283919653 
2.1775295765233826 0.4659441272310665 0.311901392573273 0.7550575846878891 0.6048813002533995 0.29932515661587117 0.30391961721463434 0.34887709714972315 0.9188168867012793 1.0 0.9905759208677322 0.8873737342026118 0.046996729522525274 0.9523021976406445 0.6364889771654926 0.7118897166969884 0.026941884231105433 0.9089423416703791 0.501795207084669 0.20032581829646448 0.29614766503161194 0.6543066416999134 0.22721780608497988 0.6420400182630654 0.2640538358194846 0.033753826850943164 0.3060493721660291 0.8186137206815237 0.5233369309057752 0.2623058930662554 0.008538974722554951 0.7614267412032543 0.8268306639913312 0.6666521833349621 0.7907115077084828 0.4809606416608245 0.7627245177364634 0.5477097496139948 0.644295177547612 0.9609207969650083 0.5762479726185963 0.22806288234266583 0.47282700060007177 0.0 0.2357202047674202 1.0 0.6102307724481401 0.595834395980158 0.768737961371803 0.08362471173430275 0.9599660951413541 0.10029144753203961 0.5894300166793218 0.37385201750907177 0.4886095161390736 0.4323257004314459 0.9436581126454278 0.3317344482342245 0.32715775020031945 0.11177275930370212 0.9678129915586907 0.59867431877066 0.5036807635455217 1.0 0.18615385617938676 0.6600177035365843 0.16929197651974592 0.24217609277081772 0.15319951731449327 0.6740198683882148 1.0 0.0 0.4592212061540622 0.15629205468202118 0.6517716045469788 0.7299889965391163 0.10006425075633152 0.36510888806611674 0.03488137570492621 0.26090495769623717 0.2341930735002743 0.7484281826400083 0.7204906692898726 0.5532341852295457 0.42729710229497275 0.0 0.7221881362285726 0.8304084617431742 0.9078806307557121 0.1848720771433031 0.14398845444582442 0.6731239119749889 0.47901141102836403 0.5350724851006138 0.3286188865665228 0.684655059118652 0.5562644855522639 0.4638057254290392 0.7775158609306496 0.0 0.45320098727346025 0.9244916559840549 0.40863908128549836 0.0 0.01617087842557921 0.9891384288039751 0.3924023321196555 1.0 0.4967637269613028 0.9592029856910094 0.39114892534570533 0.519239174432622 0.49727194204537284 0.17263062964994544 0.4475537086549306 0.5809109933910791 0.5611792508176129 0.4790359883216918 0.27545421204197873 0.7802688813969232 0.2536714012551317 0.5633165437550404 1.0 0.5128153498359554 0.898296182788672 0.4468714936305126 0.9724316987867457 0.48677812186104463 0.6223794283123455 0.23415526800341602 0.874873701489337 0.5322565325305257 0.2742621321436312 0.40169527926990634 0.3894738044749197 0.8078064109101692 0.5833086079381666 0.7818184566373164 0.27456117867216423 0.957901688218104 0.7800477871196748 0.5950556643389123 0.028764029001911703 0.3293704267772794 0.04399773154092649 
2.0278127908481927 0.7069877980102313 0.4816180897092903 0.9052213482083343 0.07095041350221842 0.0 1.0 0.40231713443095773 0.9361095577881027 0.6964654250665976 0.9065094028290438 0.8840899288799949 0.2639599837087419 0.061145410079866264 0.49687537400579457 0.7800403555136578 0.011610087978718764 0.6047354065906603 0.6244624574170872 0.10020151365403535 0.6794346753575663 0.25384443823345665 0.22628404339023692 0.4622673159367481 0.28678504545635497 0.38255883080041675 0.181183298953707 0.6988267723252823 0.6059859204723314 0.4900780558217579 0.8252077390239043 0.6865104126041419 0.41453065448733717 1.0 0.3750254836368765 0.47601115947656336 0.2854015503849977 0.5286047251190553 0.15152840849259389 0.9237899002098928 0.5801804484164246 0.24796268492861584 0.7681153626076563 0.2446121122665768 0.4106506756984624 0.0 0.9186216069388796 0.028789592060012137 0.8282191582332799 0.3293355398097722 0.8115945332083979 0.0 0.365422711483172 0.280826359458005 0.6428256474154065 0.36443925763283996 0.22899679641633114 0.3428632051442021 0.36996974168501556 0.9430318680827504 0.9752658299595053 0.704545628642096 0.6110295459880001 1.0 0.4812770330016984 0.32104542926040214 0.49015642456497166 0.03226915994973245 0.6280126899461376 0.521090750985539 0.5141533819366225 0.7375342632585471 0.14428401754867187 0.3821463406050038 0.23854705323594927 1.0 0.4873677120358731 0.35711093863175913 1.0 0.5408873949262338 0.9965629966367047 0.24609997457547816 0.08152428637837851 0.5265795956596765 0.6824924583399593 0.5527044739855635 0.8145715948552386 0.5569062472279235 0.4393599959723912 0.20197370612647372 0.3298427766751504 0.5725292654186809 0.5177889794287427 1.0 0.7015847013228171 0.9004161491220671 0.46116189675246155 0.42857284989594957 0.6667558581740418 0.06853776961147265 0.5200431076618253 0.47621832390761587 0.35497830968022664 0.18220903323291834 0.44297743413815927 0.2315038150565168 0.40152581925985525 1.0 0.5070867082376112 0.6937912796996538 0.3413501126461587 0.7149033801720215 0.38142251961039475 0.5175530369725829 0.22233775142415046 0.6831467273387654 0.8000622796979973 0.136101689853136 0.0 1.0 0.02217709951462221 0.47854342129599103 0.7568282354497468 0.36080591391649364 0.5673015462932836 0.5675736689564638 0.831480353983605 0.29330963031310714 0.7267591003355505 0.14244725252890256 0.543169795702853 0.18799111432687354 0.4179658934603236 0.779544679236624 0.0 0.9720611896422681 0.3002929496767891 0.99642574267424 0.3069233569219805 0.7153010658731801 0.6367206261736751 0.6418935013766023 0.2836502414793826 0.30790428466109504 0.2216720130530384 
2.0 0.42787798336741667 1.0 0.8688975824262867 0.34410455568522724 0.25489589408033425 0.6903206477852678 0.38609690644767497 0.6490692829148723 0.8459516186451949 1.0 0.4164261871617657 0.28065460149963917 0.20667417337516059 0.972740246334769 0.12799877798429105 0.006084332492200651 0.1244313304840417 0.30160487219911514 0.3716948546564224 0.7619255367249929 0.39216731221526224 0.241265266725522 0.5513178414548341 0.39674564700164494 0.039276840700184265 0.16068986316293588 0.7269958432047092 0.6400303155205388 0.4587852603644908 1.0 0.8722511588471087 0.7055222632991676 0.5809833316867946 0.12817784403131555 0.5013056263516483 0.1118832445300842 0.4978434692822653 0.9573850231109604 0.9149708558567247 0.43525389030779565 0.2268869186932547 0.8208106602612075 0.3408945892737735 0.8012878339589846 0.38201799509838746 0.8632850403867415 0.6486984586749012 0.7912359684743112 0.7927582808259841 0.9827536949076483 0.3883755581770283 0.42284042876405264 0.2189686222034718 0.15349914657236313 0.3360270496293022 0.6663445575232922 0.0 0.0 0.7190576170169808 0.588431267763381 0.8120712235009916 0.6409206419306279 0.6551957360672372 0.122717138932399 1.0 0.12806398115509185 0.028098404370712704 0.29093072421363286 0.7065984859559129 0.970131832548444 0.36354685033888456 0.34338700372971565 0.2907829542360687 0.757187750872325 0.9420589225273421 0.12416472753519492 0.35874704531748236 0.23138414298522314 0.514711220170687 0.35078189319465514 0.30017933197521807 0.23969406023146383 0.3048116187250466 0.4441926297154478 0.9791365438457722 0.8048110894716582 0.8074979100206867 0.7997944850508292 0.1009331190726456 0.314632821328646 0.60069927389956 0.5762678982197822 0.6431430155808936 0.568404039618424 0.9328819407639114 0.7582161843775779 0.23357331330176487 0.7265708835048288 9.214991740590587E-4 0.1272257055619467 0.6662474027176402 0.27223178631542144 0.0 0.2757980835686382 0.2342621064036999 0.4532915581595313 0.7585213152615653 0.42807057795129894 0.47101166137859907 0.22512512645859012 0.9954201979433173 0.5673986891510783 0.24339001798000315 0.2500230926534136 0.33572449362698237 0.6533100602266837 0.6162140529622806 0.6109742294396294 0.0 0.10902242625057708 0.5650644030350231 0.10375291966590847 0.795428332776954 0.5669128123888028 0.0 0.7317221928556911 0.0642704801896609 0.9013059334821713 0.26845881145872375 0.9029249691126426 0.6469975825719216 0.12334744906717725 0.7122875930665603 0.9920991353279209 0.5797000819364775 0.09185524045877957 0.9175346563558662 0.3024840046672304 0.6590392958275164 0.659747080998011 1.0 0.0 0.0 0.017900867190796255 
2.000000465732049 0.5066106295549948 0.6430382322659114 0.924257704362387 0.39099367360771387 0.19710780077479687 0.3929255054032094 0.4542531401461469 0.35872074452672253 0.618246142727662 0.41017966081044493 0.1306440811941344 0.5751978126967712 0.12440550638348025 0.5364426154739952 0.6769396278915228 0.1032419586858305 0.2916503502287985 0.391431160222399 0.6404208469768321 0.009525263752948598 0.729490936159324 0.21073745074177655 1.0 0.2232241389894279 0.2551548244243492 0.27929009819443473 0.7127928409773383 0.4624009702299939 0.129930919057891 0.8463128640230695 0.9167287333436697 0.5893166559096736 0.3439461989374075 0.21361637419298585 0.4806949801321503 0.19077200240623357 0.22106189547484872 0.6360590871777542 0.8402675758997001 0.5780163711339792 0.21772105409699366 0.7716353731065347 0.3015316568406731 0.4873101966341957 0.3068079296010102 0.934777130654609 0.11681295462412927 0.7744969061057779 1.0 0.9278619545070912 0.5488938830017497 0.44748408433449066 0.3627982315142251 0.8075152324952397 0.7936137273000413 0.3617938717733267 0.1205424191612022 0.6448166782802676 0.31170180376135137 0.36007495680567236 0.05661163694901092 0.755575656726765 0.6785211484556878 0.2280256155238603 0.41139462363952806 0.1278859038457061 0.5832322671105459 0.2565274240582882 0.9263513467226367 0.6822652119714456 0.2911589364261805 0.5705759460090492 1.0 0.3594950978756317 0.654669093222233 0.18299731288705992 0.48175921271823224 0.03758666108642873 0.4131479107737057 0.39847055633584805 0.0 0.4196716087453719 0.6355628819802147 0.1442057068122137 0.5121775758390211 0.33759369669033534 0.4722108105619647 1.0 0.2671198918887819 0.4708365807217441 0.9197943844021612 0.7694859308384082 0.5224695141040702 0.7068160531150414 0.0 0.21131081150337472 0.29923126482483314 0.8191530791497261 0.9607286547556032 0.7816092021817964 0.5798552453867123 0.43719606497773544 0.5214432535115497 0.11591379005975716 0.40779083982940184 0.0 0.7554179882242221 0.01817304611016816 0.4266931597007696 0.14001032909944033 0.22746243656747442 0.8073837521267506 0.5675369230439767 0.8269273168514721 0.5333689243904474 0.5959553543868435 0.4738828449569673 0.5520784632477921 0.3652381461981386 0.16514912512613217 0.46181778685647357 0.2762206505503077 0.4513755113961818 0.4084969077768982 0.07098884390211893 0.8372056536650625 0.538984541857096 0.6458819302828178 0.34498906067609714 0.9558375597217754 0.8675260809967313 0.7151090991223397 0.5448513698699969 0.7116283211947947 0.4921501897167924 0.24138927152936962 0.7580351977952354 0.2209895642864061 0.5780975136851072 0.5988811216197227 0.7742864775003486 0.46115418022623134 0.0708751061945716 0.3124253129493746 
2.022861927675341 0.40088419477824977 0.9046817365761823 0.8643368324639554 0.6371565504378345 0.1957808981377546 0.6643306610457186 0.4541261376036053 0.8785031355647472 0.9350444419795944 0.8362590044667696 0.45029120365882214 0.27834553004828566 0.16310284506264566 1.0 0.7240914488406702 0.004235337585814538 0.36941401574839083 0.005699911548552823 0.23838580988183183 0.5877642269196417 0.392839515333203 0.23861758941896907 0.5144617227571038 0.3787092595129418 0.030732918667960994 0.13116806775953083 0.7305805097314353 0.6329166940894692 0.5126167295349535 1.0 0.7635766576093148 0.8085063807885016 0.684998589860448 0.5688056650597709 0.507076377468911 0.11389332542322883 0.46977666684786135 0.3585314716224206 0.9151347450995599 0.5293573306504489 0.25891433616393467 0.43291574999616844 0.4773003190415126 0.7503377588544827 0.21192535503438775 0.8705408724608257 0.6276207465748258 0.8215114661288386 1.0 0.9381785888507279 0.4012923383999228 0.4441800191321728 0.29064158287663694 0.3914197436642666 0.12302079092033269 0.7105145672821559 0.06660083410262657 0.11157309052065228 0.6992086337591977 0.8085161533848306 0.8396453204385972 0.6207911054638979 0.4123166562298197 0.11445206961309644 0.7042032309651141 0.21133845805218288 0.1761113210948106 0.3201455500369443 0.7050542105650518 0.9959065271607115 0.3661584300987468 0.336146311007084 0.18683567797975426 0.38520876516559244 0.9667769748169757 0.07773849359325441 0.35413054176531794 0.45306723337398463 0.5088859140249444 0.3197393779609292 0.4368120692169062 0.7465243632846046 0.1939061084662679 0.48305552266523877 0.988336610497593 0.9112981696939179 0.7157667545994959 0.7467412334968273 0.1273301788228832 0.3569527215283239 0.5926156062403418 0.4473559314879541 0.49129646869138843 0.5064586467694823 0.6762592461153937 0.8469427843078302 0.6046557918559364 0.6477316993901064 0.0013732147260828408 0.13440782501460946 0.641608514855897 0.38232908982740565 0.14129580382496915 0.2720707355105337 0.2543583749713424 0.5718365137653759 0.8326729211288347 0.2267360991416393 0.41635444111881825 0.3406997146424844 1.0 0.44438981619866547 0.0562129588946583 0.0 0.24902728098115218 0.8927514560637785 0.6368723475898243 0.5951444734188818 0.15883885275692103 0.138435413855523 0.45162703490272443 0.10317941046585763 0.5349185986003406 0.5765011721900497 0.3428878065164316 0.866566359038063 0.07393295651203854 0.968256882600665 0.1955459255255194 0.8183205295729015 0.603995476532075 0.023289351446027853 0.6573187854223288 0.40281580584529064 0.9438556634817437 0.44264495997706493 0.8193876833315901 0.2869261705999345 0.6510933037089788 0.6962248220290173 0.9285710685961516 0.0 0.021570301279697307 0.024351333870009418 
2.0143463002406157 0.8269173790437743 0.7028900382627205 0.9816913399607817 0.06610093325823646 0.09540471265667673 0.7389982735534439 0.44812328792666734 1.0 0.9696230454345427 1.0 0.8252960252042356 0.5305187891067583 0.0 0.5951053620188119 0.4372349729846835 0.019844216099549165 0.36921417083474484 0.021245640999277504 0.28569524732384644 0.31822366596454793 0.31542786613741325 0.2419707039945492 0.2795343841088034 0.44355564973166073 0.4576334460334761 0.2754696177256891 0.3553991970757729 0.5520359474196952 0.5430318928160236 0.8385033238725239 1.0 0.4809732280982872 0.7846197916429647 0.0 0.47093394303348707 0.0 0.42513483401618185 0.6681577036973165 0.8217094637405297 0.5520107447242537 0.22765610344731596 0.5827024675733665 0.32047858626731135 0.5859800358017639 0.0 0.9137058873016782 0.7474770074695161 0.9093393475795846 0.5016616419375157 0.9999093155176897 0.4370534393991433 0.37547753990387045 0.3279756727130717 0.8212982505979952 0.4538702700035542 0.5627787773588914 0.4086972855434038 0.0 0.23863282651396533 0.8172406715635759 0.9994065598723624 0.5583998182483975 0.9991588734215537 0.14076808646920522 0.0 0.23849340509643724 0.4202046763911135 0.40938072729637637 0.3041150717717286 1.0 0.06895344512674337 0.2751868605281985 0.25249002137944365 0.30286409624856747 0.9325122892318908 0.01679956692144369 0.4213679419201447 0.34366991940110064 0.4229185535410445 0.7887123967487821 0.6871145565298026 0.00403985004978397 0.6474784438445678 0.24004349334591926 0.9627810674283506 0.8193951869682289 0.4518583567416938 1.0 0.024778340074582905 0.14356614904104914 0.6198812206873296 0.5240702686465473 0.7707909919285737 0.4597536125395097 0.5841152927729524 0.45065410010871965 0.365473733154527 0.798944482774702 0.022046575670787646 0.2791094376616895 0.517144282764743 0.4141069351960209 0.03296173572605935 0.1372434542699769 0.45892792097490326 0.3668029703401199 0.8936189473918659 0.4083759418770015 0.6581915018225282 0.197960366251985 0.3255264121704815 0.5263971842054753 0.12128789104707738 0.10255483475556464 0.2815698049906802 0.8234471422997834 0.663741962570456 0.04201073763274207 0.6799723386568602 0.17142631081994786 0.5278214073850537 0.569418410198063 1.0 0.07647769590521361 0.0 0.6778323299775282 0.12239910562822953 1.0 0.16854699718354618 0.4419191619761625 0.6083732461648544 0.48503896287803994 0.7081194023473965 1.0 0.5488038091700996 0.47895093419650864 1.0 0.23324774075360477 0.714500591782867 0.8038757619020279 0.4293019082370005 0.28513331727495633 0.30274256425666696 0.2663929950613544 
2.0114703340397995 0.42031346712971696 0.8467940076023284 0.8734463012846558 0.2261435803304462 0.23461284525830933 0.7647515816188851 0.39600454322019385 0.6380550599733931 0.8542641220339836 0.8523396174299773 0.49062104369555737 0.20848687174441377 0.20763368336293134 1.0 0.11370677109728855 0.0036144781816345208 0.11897246457602711 0.3307561614251809 0.4086200989303853 0.7960866022967045 0.2938320022235172 0.2412761576373054 0.5515323709257501 0.39709543761353094 0.03438016442861053 0.16077803478652494 0.6740578157266202 0.5284014065024024 0.47323770228489226 1.0 0.8115516699402812 0.7069646930554666 0.6591790492741486 0.14817362651306573 0.5381802582070414 0.12526692319279373 0.49920704449051373 0.9269647477226167 0.9125655590723786 0.4323558262655659 0.2510001958635715 0.8202696712078729 0.13775746236532338 0.7757236010251234 0.33489103748705296 0.8615964058159722 0.6319999114170908 0.9609664354479112 0.7936788716782059 0.9791948067566194 0.3947275893703047 0.3976735392806993 0.1831846209106861 0.20518018871421717 0.3356426059897574 0.6657111552184024 0.0 0.0 0.6073734061279221 0.6435369435637479 0.8238274940663819 0.7524709527834785 0.6552478443442615 0.12795693644808553 0.5527096673195013 0.14041756088792626 0.14735692134979428 0.28982038149771205 0.7293315112871503 0.9364271965079114 0.3546434740165719 0.3483453126159656 0.29135487904644547 0.7769768666971856 0.9784758019600988 0.09928062905271763 0.3626591794273071 0.22978298812014555 0.6554540563525592 0.36713447862534476 0.3011025961624528 0.18181189609567064 0.3071383218222391 0.4545039470190875 0.06987144892239272 0.8006070817032269 0.8546345378810608 0.9119491190911269 0.06882173395666737 0.3560668022889473 0.6888802136681473 0.5765510812183283 0.6613237529390852 0.621015429800619 0.8684304490737804 0.6890291925930468 0.2142281286657877 0.7206041699754899 0.018546435793153866 0.15508274707195419 0.6753366803106985 0.2762526168066035 0.0 0.2768225458011991 0.24064845114254968 0.44228658988869185 0.7728259196600454 0.2605029156082989 0.4872037846455899 0.22256319760691015 0.9958531079906151 0.0 0.22579067445671008 0.2956481324474535 0.3369418420543279 0.6596718310480284 0.6234236604277082 0.5369842110355949 0.03910778478901007 0.10906514361476537 0.5131248555170927 0.27051978274564714 0.9366025830599227 0.5711143260537259 0.0 0.8732300060693888 0.20913032020863465 0.850989321746911 0.25437911505102845 0.843289553998034 0.5296541914474382 0.12814069752956392 0.6910420425094682 0.9729569830711827 0.48988043283940397 0.11634190775994509 0.9020764469201025 0.2825054165956202 0.6610259481122501 0.7418464848463698 1.0 0.0 0.06981179327620857 0.044431228490717914 
2.0334814430188897 0.673293799659902 0.756384146838218 0.8549042710873442 0.04050062424050749 0.0 0.12931680904290105 0.41221633829056686 0.88103262870852 0.68779286850789 0.9351070440560605 0.40631602453019655 0.4534111233737047 0.9292062319798302 0.5028716953097391 0.13112087058175947 0.01467611943300929 0.0 0.5296502318661341 0.5888758574034233 0.4275596071184399 0.41942138837987863 0.22549198194115355 0.9392847592178137 0.2952542852569739 0.03619056587118405 0.41447940819310986 0.7028142669754844 0.5652935854461371 0.5333697281973719 0.7688828380819251 0.602259054933977 0.5713948514950478 0.9981730753341156 0.7188763977200641 0.4798879124651798 0.2558894938805588 0.3409142313026477 0.6668790209695961 0.9097503219322705 0.5591310631043288 0.2520698838241201 0.9641696460938005 0.7502348268240066 0.5906774179366565 0.09161098304349205 0.0 0.36124506632419584 0.8159016246218668 0.40027889748759155 0.7664615781622979 1.0 0.3089756452868374 0.35135811625910984 0.5267453510526346 0.0032806418912784668 0.29255465672657327 0.0 0.19126772549840243 0.7676160470154456 1.0 0.6434418875959768 0.7140928816112941 0.3200224767796882 0.4721750659479379 0.1929885331011611 0.891512553095821 0.0092491142670575 0.46521683951263376 0.6747949341234255 0.5356790554352682 0.6287105735013613 0.3938443741728765 0.24490672274282652 0.46342784780956026 1.0 0.045020327827306875 0.3775899625798133 0.0 0.3943839192450928 0.8414664573365953 0.5495386486510898 0.07022619431753323 0.5077565590892418 0.778010462640178 0.6435433143820878 0.967984683165307 0.6891736407297266 0.6215253045119264 0.06003328496731244 0.2909426807602451 0.6073267685553057 0.6569097814636712 0.3875040645189176 0.874690311775206 0.748652822843964 0.3339026096878608 0.3707188486601779 0.6673014132182202 1.0 0.1994463854545338 0.6422249449678596 0.601754322174495 0.025168627935884938 0.376164632090204 0.4098180291898471 0.6530300411865513 0.46895532018743624 0.027214174843016248 0.02665719318168472 0.2839770540877122 0.35543348253555096 0.1450391030295727 0.741473089514717 0.5077590412918013 0.7286972372839334 0.15097298595234843 0.5979134090575233 0.37952321499240166 0.03765061032063963 0.10239993180621558 0.21515947351172537 0.3280593750503354 0.6734016374809069 0.4606560450957457 0.0 0.6360438837124516 0.9473046215177132 0.5376425355519865 0.22902697545193101 0.1746423872954439 0.4168401710423346 0.3447107918262427 0.4116198318718494 0.0 0.715194853436016 0.4783454843148024 0.6171048157801694 0.2972549857640043 0.5794945033293883 0.6459773080585648 0.5834739826119204 0.2771235831359098 0.1616968520054747 0.37101090768861594 
2.0211614389350703 0.209086701181008 0.7625842780490663 0.8927133562950338 0.5883294341223819 0.04848077698194199 0.5569521553938886 0.42219310063593896 0.42285139207959577 0.5228988362141924 0.8804185911202067 0.3236414317546964 0.6032164436673411 0.050298868213472736 0.8334581544364303 0.585813594022043 0.06416198517232449 0.31687632111947184 0.0825657576445596 0.9779073014897928 0.8811020499727541 0.051930374087209075 0.22912352467720726 0.5918591116383027 0.2958411498223319 0.0 0.26817434370909093 0.7859292607217042 0.4136597501165882 0.2605786711440225 0.897172208016496 0.584443329456843 0.14318074640030098 0.660544132113225 7.138869557498061E-4 0.6581502905654232 0.12304145677336507 0.5926072166746696 0.7508771996984391 0.8792869028598355 0.6691444594800985 0.17791803622822744 0.8156329655751291 0.30252108173628156 0.6871132640670027 0.0 0.7707047890524334 0.5691368383376897 0.09100965285274482 0.7580007409061585 0.8581525989828174 0.16281497556491967 0.3051145361745648 0.0 0.5945291069917134 0.6768436195225325 0.10984896097014518 0.0 0.2206570948984946 0.4047971398534952 0.43021079201437984 0.18643416565756457 0.7743941074472854 0.2705214934375224 1.0 0.3055285668405195 0.4298812118897023 0.5260596500777528 0.45366067124143805 0.0 0.5921925402515682 0.27435729346480137 0.42798012788310347 0.06673190042077908 0.532417791935611 0.9461569359815457 0.4556542728759776 0.31368424694831476 0.17610160166348443 0.23712387887637137 0.6084269181566542 0.3025262806227913 0.4740719750276512 0.5797324839599157 0.4791007152853562 0.0 1.0 0.5289133155409393 0.24732401748277066 0.0 0.0 0.7067992937936518 0.8072147358639631 0.18898982401524161 1.0 0.532999862564365 0.5170367765423141 0.36506749327076826 0.6492778666915351 0.40114751376715857 0.9894017995919576 0.4751427646442284 0.38774101281874274 0.07680379203761423 0.3508780791844863 0.6714976690906183 0.5232898860620006 0.873081565634052 0.21993423399229414 0.4691293361535087 0.11466279276768435 0.7550016215278175 0.7944509734073495 0.3769142244768913 0.46688940399605616 0.4685203372481164 0.7342524170190285 0.24815305830705653 0.31456612820240965 0.48874302964808913 0.3648654610975612 0.9353310712441698 0.6309804344535049 0.3060927905561948 0.46909760684630974 0.39408135417619233 0.2761383127431652 0.26242180470688986 0.5914864189357922 0.37992185342748486 0.23239462398181226 0.19200257413522728 0.13652416755744157 0.40362962357128884 0.4201953458757028 0.6630758476382544 0.19258632308754003 0.8439910025539188 0.39786211582226527 0.5982538547032374 0.4541732536866421 0.5044370105936046 0.049358454423684604 0.33172300188227744 0.27941016294773546 
2.0265790648860453 0.8757152786793435 1.0 0.7659388204698238 0.00782569181941925 0.1369881012696233 0.7967521523153367 0.47487171401184436 0.920703944149692 0.5933134152688223 0.41916186921099546 0.533697671839545 0.3865944913936682 0.2518150865084022 0.942051490062473 0.8332083723256944 0.013958845528908869 0.7732714562271326 0.3714465676770351 0.138816685592429 0.5550342790078824 0.3373673897431966 0.2503978389122579 0.34644388189182457 0.5369613145163162 0.3178910312768865 0.1563621575262069 0.6942767727528902 0.5076756364842793 0.48022311968129183 0.6488282110095599 0.7852189261809182 0.5722646702831112 0.9193128577646892 0.06107053513248102 0.4915829955382759 0.0 0.618542294619125 0.6264257053948962 0.9484240237458559 0.5851920298512743 0.2528074745059733 0.8357240087339564 0.2666599170625435 0.5558938297815121 0.3515100195133601 0.9012654008529615 0.3676998431547643 0.8032787376929729 0.9099172231522534 0.6172878112802455 0.7597180902580654 0.3158652765876796 0.2922643802210922 0.7398450463665305 0.23774548159891953 0.12654699995717358 0.4690289961307829 0.3670908117708225 0.8655480165445546 0.8024362242356521 1.0 0.6823049662806927 0.47116935688952294 0.6150573842851195 0.7011860965681811 0.12662899172746656 0.20795190612707215 0.18061931711503398 0.5074856781777054 0.7624644639246394 0.8214727843102579 0.340701771818638 0.41421638566546504 0.543698455846691 0.3506296642021299 0.0 0.39848094455980215 0.7033153772621871 0.22929739952683934 0.9012550947489515 0.2554276381925496 0.0 0.6703635687416167 0.15343538069129165 0.5264056867869796 0.8537254416965233 0.7031566745489983 0.420823670992056 0.0 0.32672879373167635 0.5098981963634371 0.5812130451268486 0.6239474464725713 1.0 0.7743179304175135 0.6816260089845871 0.443791858821119 0.9144302270658345 0.4239510598686521 0.41552875704984216 0.6749087663633335 0.356922863372718 0.20268699096344908 0.5814645596671659 0.2547167320177658 0.35838329170994354 1.0 0.17431608623298855 0.2999493677034499 0.4032993877642631 0.8074622116230112 0.2849828711954866 0.5197700528861204 0.31545517613132334 0.6734181240706854 0.3338889073525761 0.35448613204887236 0.9477804909197975 0.31579996512563996 0.0 0.11286201222373557 0.639015850603135 0.5272994722708143 0.4561321759724051 0.7264834718273299 0.8529803809666887 0.10794333847571422 0.7253096025702654 0.19946796524503616 0.496411785278833 0.28397369196117495 0.47265422744621677 0.615464371502989 0.4015731515021057 0.5917870936734724 0.8264875235817505 0.8983496958423216 0.25484884093629595 0.6155862786159194 0.8374150554437952 0.610462107207106 0.2337006151079856 0.2962537997426764 0.07704357101606328 
2.0000384069314316 0.5186262259221603 0.7997247479761198 0.8944150310038923 0.0 0.025930097504851948 0.7106958605376321 0.3463225919294731 0.49604319104441774 0.6675649625645713 0.7043769055630658 0.42921531822515874 0.3190874291236332 0.18442448928600108 0.7527406439084232 0.3106390726715321 0.0 0.916800103492087 0.641216026620526 0.0 0.5878088481564052 0.38400903448112 0.22878597532420392 0.5541106047772913 0.26859266252789826 0.6162298037100629 0.2434902130311467 0.6154513075251744 0.3615978217911867 0.5501071440545213 0.8068360285080871 0.499958267028071 1.0 0.7935594283378968 0.02613792536404734 0.45766910198729527 0.10716736325924789 0.7176226138812405 0.534468945068231 1.0 0.9053017334705903 0.24740649390482317 0.7916592373078938 0.474638165504199 0.6287227535285941 0.3403122074837752 0.3343966515482456 0.6010466597097748 0.40307330499826965 0.7467397360084261 0.9428683172719179 0.3730420573137351 0.34835791549679995 0.7119053456537636 0.3799637288027692 0.46395337195173336 0.1948932116134883 0.41538755049956977 0.3975393613135259 0.3621764433412036 0.07332131442548885 0.1732793370813528 0.8015038418380314 0.3640097305295772 0.4970980480074426 0.2877086082042423 0.09827725286063033 0.4607328294842285 0.02323703829826479 0.11900638582134798 0.5815655579387295 0.2312200830677819 0.2926946629889627 0.27393492640328493 0.38490314744813126 0.8878935580159 0.1474490829524466 0.3573492006118331 0.14702160440952666 0.320459463222945 0.106136049292586 0.32119403950899195 0.4788968926845937 0.6020087625490878 0.33488057812319 0.3962209768096146 0.7945054889403027 0.7316155023171372 0.6822243984680918 0.1441561965870668 0.10333566459541088 0.21118609957704604 0.9603364609550624 0.48226423248581374 0.185233350814799 0.7770210925051886 0.6449566262465962 0.42689313594230105 0.3705568721494475 0.0 0.727276657365127 0.7492990002931805 0.33999698966500536 0.14433429399190392 0.32184344687923466 0.6340317219146671 0.5736023519446528 0.8979646421374535 0.12314363697051434 0.33392684747271184 0.48083576225911795 0.8115773258724638 0.0 0.3002436965825027 0.748239638729344 0.15701101536221046 0.9013902350169631 0.4178945546234852 0.2497343748185005 0.26972507165284687 0.35425435639827285 0.9319609831478788 0.24159995318169544 0.6671877719261341 0.6421994606104385 0.0 0.4238021284805211 0.1209592492504833 0.01890856780599116 0.4281587727664876 0.29965428360484797 0.6493526318286161 0.15308711175628648 0.36229316019214464 0.7362235301757627 0.9440716850956923 0.4464341692396378 0.9157192203756426 0.5638957247347971 0.6925131924560174 0.7069671210461022 0.3542947002446893 0.5940481612518067 0.4149624458091742 0.6892758055117444 
2.0257786299255134 0.6533303575396581 0.6988128944628909 0.857413592060838 0.0 0.06378614476129309 0.7392555869475156 0.45136731697220234 0.934359010584127 0.9466014919193259 0.9671935647247472 0.9360685725222715 0.18175640585181857 0.0 0.6643878112575692 0.7525436364808926 0.014178411295689744 0.3694589382468932 0.01298221274911668 0.30395429103708893 0.21973713275334414 0.30704918759470945 0.24108011972490392 0.3683815316639596 0.3494643797648246 0.04525768760724655 0.19799100214338902 0.4982569318660479 0.662503593699472 0.5103669240256017 0.8607898372251527 0.9788303925406816 0.36217223512527386 0.6432773045850251 0.12127247754594406 0.5052737679538126 0.024518332035466286 0.4623241341801101 0.266076214256965 0.8326047783516635 0.5431895036799462 0.2483528157343254 0.4378887664059472 0.48222914440448844 0.5684223024283039 0.2771053594990841 0.8857180543777771 0.5896421433494636 0.7817080617668958 1.0 0.9940860339681438 0.4395837863254423 0.45742364591108864 0.33819330886411836 0.2656655247178411 0.09558587696051629 0.50313000521199 0.0 0.012998564908086402 0.5798812799290888 0.8073787191393609 0.8801403348216772 0.528169368550502 0.4578128419968427 0.12199923806845009 0.0 0.20431999881279866 0.20933170059442738 0.37568622857608047 0.890257910118973 0.9976962174830567 0.0 0.30142031819834075 0.21079236708424898 0.3839519065203547 0.9476937963244221 0.02747495960226885 0.39639345532241466 0.47366873645826246 0.4055749833678917 0.6156571993549794 0.35463367764227444 1.0 0.68781877233411 0.3521551695098061 0.9767241297636458 0.9139681247163589 0.7924903015478617 0.8466960739352826 0.15365919960416907 0.09495249304898781 0.6025814413247915 0.5170939586470555 0.5870662128114242 0.4880733937958775 0.6829606009222755 0.7837070149561816 0.5426214559838825 0.6977245925529902 0.012332894193157263 0.254266454354394 0.5778877066462356 0.3870175270273293 0.17524381238192807 0.13902252600327464 0.5189204609531783 0.40225397618765313 0.8560272700587058 0.3901161817571323 0.5412879222801346 0.19874702262470637 0.7502291669209201 0.427838934803113 0.09525140025213205 0.0021810378501718117 0.25950960846951404 0.8763567115188159 0.7200524754894789 0.34931195311909213 0.2911963839884293 0.18583628585620962 0.45573779839053996 0.4006550994065169 0.9404281219858343 0.0 0.3937441522033307 0.7615778383880489 0.08254459543860271 0.9887032614109011 0.20030234503694105 0.4888851659731711 0.6026488022271734 0.710348990354624 0.6510351986521117 0.514287204037077 0.6561587778093149 0.4908602613284999 0.8664340715277098 0.2908456340795118 0.6550105123566347 0.7141183088753167 1.0 0.035123957282721135 0.41061645113685163 0.2445412577292101 
2.0114703340397995 0.42031346712971696 0.8467940076023284 0.8734463012846558 0.2261435803304462 0.23461284525830933 0.7647515816188851 0.39600454322019385 0.6380550599733931 0.8542641220339836 0.8523396174299773 0.49062104369555737 0.20848687174441377 0.20763368336293134 1.0 0.11370677109728855 0.0036144781816345208 0.11897246457602711 0.3307561614251809 0.4086200989303853 0.7960866022967045 0.2938320022235172 0.2412761576373054 0.5515323709257501 0.39709543761353094 0.03438016442861053 0.16077803478652494 0.6740578157266202 0.5284014065024024 0.47323770228489226 1.0 0.8115516699402812 0.7069646930554666 0.6591790492741486 0.14817362651306573 0.5381802582070414 0.12526692319279373 0.49920704449051373 0.9269647477226167 0.9125655590723786 0.4323558262655659 0.2510001958635715 0.8202696712078729 0.13775746236532338 0.7757236010251234 0.33489103748705296 0.8615964058159722 0.6319999114170908 0.9609664354479112 0.7936788716782059 0.9791948067566194 0.3947275893703047 0.3976735392806993 0.1831846209106861 0.20518018871421717 0.3356426059897574 0.6657111552184024 0.0 0.0 0.6073734061279221 0.6435369435637479 0.8238274940663819 0.7524709527834785 0.6552478443442615 0.12795693644808553 0.5527096673195013 0.14041756088792626 0.14735692134979428 0.28982038149771205 0.7293315112871503 0.9364271965079114 0.3546434740165719 0.3483453126159656 0.29135487904644547 0.7769768666971856 0.9784758019600988 0.09928062905271763 0.3626591794273071 0.22978298812014555 0.6554540563525592 0.36713447862534476 0.3011025961624528 0.18181189609567064 0.3071383218222391 0.4545039470190875 0.06987144892239272 0.8006070817032269 0.8546345378810608 0.9218202944357007 0.06882173395666737 0.3560668022889473 0.6888802136681473 0.5765510812183283 0.6613237529390852 0.621015429800619 0.8684304490737804 0.6890291925930468 0.2142281286657877 0.7206041699754899 0.018546435793153866 0.15508274707195419 0.6753366803106985 0.2762526168066035 0.0 0.2768225458011991 0.24064845114254968 0.44228658988869185 0.7728259196600454 0.2605029156082989 0.4872037846455899 0.22256319760691015 0.9958531079906151 0.0 0.22579067445671008 0.2956481324474535 0.3369418420543279 0.6596718310480284 0.6234236604277082 0.5369842110355949 0.03910778478901007 0.10906514361476537 0.5131248555170927 0.27051978274564714 0.9366025830599227 0.5711143260537259 0.0 0.8732300060693888 0.20913032020863465 0.850989321746911 0.25437911505102845 0.843289553998034 0.5296541914474382 0.12814069752956392 0.6910420425094682 0.9729569830711827 0.48988043283940397 0.11634190775994509 0.9020764469201025 0.2825054165956202 0.6610259481122501 0.7418464848463698 1.0 0.0 0.06981179327620857 0.044431228490717914 
2.000011617092251 0.18884953684957567 0.8074222724763201 0.9791580806876399 0.06839723719718385 0.0 0.5821931195548755 0.2271118358462617 0.5280328221775807 0.8877404456864567 0.9031058414327704 0.5094413881269165 0.5414404723661573 0.2527993031206881 0.5445454488952634 0.3011314259339034 0.0 0.8181292901586921 0.10095604883625638 0.022420594517825524 0.21838498370877077 0.23949828487225772 0.23364685722944528 0.36510969487427014 0.32394271554516624 0.44677596805886555 0.21068724468355524 0.5932395372776649 0.5198323486436152 0.4635944852704074 0.855401795574693 0.8303247452303275 0.6696074339126106 0.7342202140873816 0.05625424871364214 0.5593178493003995 0.20519450753951896 0.4621705640330354 0.21661470816881484 0.9365096977678415 0.5411768066780561 0.2618523525044486 0.7960479032846627 0.33730284287746104 0.6121526428368482 0.026099223988731997 0.8993725666747614 0.0070459625472247545 0.8298335645679092 0.9540543450391199 0.8288040267882764 0.40876510179923575 0.29486585218181405 0.244045994085469 0.3141306137153419 0.4913921138854608 0.40063215511968087 0.21823883878056177 0.08060780489846535 0.28786298984571856 0.5144308281092155 0.5687912577670013 0.6277541853963317 0.4525091536539707 0.14981156358691203 0.283648900437355 0.2999261586356936 0.46058047570854554 0.5342708016052918 0.7659945671370398 0.9281265822690669 0.8611704739596842 0.35938022898039 0.16750621696618437 0.5593362002565727 1.0 0.32247058342661816 0.4045439239090157 0.335297708852501 0.42176119987306215 0.6079362570385171 0.7276027251863526 0.0 0.41317975958107755 0.3090785336213863 0.905515197147547 0.8568009286886876 0.5571560255377953 0.5189103922093197 0.5894812793026686 0.31318995330283295 0.7582984049565327 0.6154944525009983 0.04551201222991527 0.7069900195773273 0.2975122226046727 0.4927191575285714 0.4125782357505642 0.8023254600954628 0.02762350634995589 0.33898648357269767 0.49518483608029196 0.3981496294492005 0.22367103080727616 0.23893430005893884 0.3916623287346004 0.4066439527663981 0.9082023446776347 0.2676069525906102 0.784133926815256 0.1926761676216857 0.39191706994741626 0.1853492943131722 0.5174629778499175 0.33604269522303154 0.41856363255873585 0.7595912338210441 0.05881104860284367 0.12575361741528102 0.6936684952332041 0.09921802666395291 0.5117414737576255 0.6401834437193735 0.0 0.3383784451293247 0.1845394586911803 0.8580052188359487 0.5006306517138212 0.9293405394554092 0.2878896721852401 0.48151230216251634 0.10307884925444061 0.17518487543647074 0.17237812674484743 0.5805311117991452 0.5443732273194385 0.37602848846407244 0.8221304044248083 0.28979277176175805 0.6824967259223805 0.690593907252679 0.7337279438827959 0.3286077201397777 0.3100162764461218 0.3038751037165081 
2.0 0.36081322775158503 0.9519937555887569 0.8432206260622993 0.5628971031897113 0.3195122123236469 0.7174375973176128 0.6289234589265471 1.0 0.6504474611556906 0.8048419784361613 0.5877108369686395 0.19257641630998523 0.15488694845597573 0.5336650643668406 0.7860412287237498 0.015829824898824986 0.7476440149633218 0.508189072144389 0.0 1.0 0.13126087315106327 0.22612426572868533 0.524987080764697 0.2778901702320118 0.12239047652467851 0.4136564456896615 0.6012423176189108 0.5147450080419251 0.12050639763361506 0.4327271547639884 0.76593241953392 0.901918558260832 0.82781391474066 0.015657353916376432 0.47321985798413224 0.19512997666289864 0.42072964159496706 0.9878424755715676 0.96468144639784 0.5954218218710943 0.05328235177442779 0.5398952523668916 0.41585416826524524 0.5042503058765078 0.524807078836135 0.918948454968317 0.9686353888295458 0.6303804121616515 0.7845106434164659 0.9223249186998221 0.6047563187108682 0.6531263139049452 0.21720497194034682 0.6352278252078237 1.0 0.3472395506888371 0.012019671699822404 0.29975484495880805 0.44772086430296343 0.4684877633374131 0.017614678424532987 0.6260864226643048 0.47112475336754267 0.7554727668477543 0.5598819114122837 0.5610453347729423 0.0 0.3984600133909175 0.6467012599177654 0.7531657442916357 0.41580395098085343 0.0 0.14731593083990288 0.35863518757381874 0.5680824617186435 0.11721752376085026 0.5648350904467268 0.02693698603903573 0.390029097498273 0.1399627571628344 0.4238863374675281 0.030310045490564062 0.6239820720310938 0.30926067396845275 0.7524249120977781 0.7250768814470976 0.9401986583813752 0.5304156259428959 0.6047550735840443 0.3178818056686751 0.5773682376230176 0.7065572220955885 0.27090562898194964 0.6645230040016044 0.37862422929467215 0.7208596724494105 0.3690698918503408 0.03713541296789208 0.15100434880704117 0.2814213026021761 0.686598368641805 0.49922165621520154 0.9392581408617626 0.0 0.4444887101349606 0.05586347697326534 0.6186371632892935 0.34809817360173984 0.5505965661588639 0.30978149971109215 1.0 0.49239031970478986 0.0 0.632073971437519 0.28073757988246556 0.6665082249268315 0.3382589978895377 0.43673731427296203 0.5557980701070808 0.22044419921641967 0.447620291870492 0.2604124941282238 0.9587973791704497 0.5010907321925109 0.88069504785644 0.8244526566758749 0.09120632090938283 0.9595528322523319 0.18435148648797084 0.0 0.024524309994083032 0.7133677742209752 0.38115753751271236 0.9090058719238144 0.8681701246001206 0.38299923216703446 0.61629339179912 0.03313262296996888 0.6627416362086566 1.0 0.8283724497420089 0.2357250642021877 0.2400448507139303 0.5883299046619763 
2.0 0.4874842314356017 0.984718234290728 0.8105082423517916 0.271098473900779 0.1307268783696927 0.717332886251466 0.6328509353463383 0.7025939416983946 0.9162836071065589 0.9511758520621159 0.49267623873611144 0.05937903978896632 0.0 0.9747373110723004 0.0953051926060256 0.013863943816014954 0.5186528105677324 0.3275005148103306 0.3808204367493766 0.7469457428582347 0.3333116713440192 0.23773879642442758 0.5084535538759611 0.2922543993943754 0.14014785280373102 0.1648457471192826 0.7272196166431076 0.7023106388343058 0.43838718641542396 0.0 0.8849869258278752 0.2508851863231871 0.7284131439936823 0.16930650488642868 0.48810206127021283 0.13803573873522662 0.5155359724822987 0.8525880317059649 0.8567836785698774 0.4064728273664167 0.30049550933851 0.8032441418800833 0.3793687007871771 0.844430821079857 0.3814620961132773 0.8783428852878301 0.7532074392402845 0.9435897566402508 0.913981595455607 0.9969392861163013 0.3869516477294074 0.4250286094394743 0.0 0.0 0.42894298476105824 0.6854281028260555 0.012987841080400055 0.03557300126765009 0.9857776954763309 0.5801612002644332 0.97035074079972 0.9383594404190594 0.6604554934880824 0.5376748858542679 1.0 0.09664415218484966 0.02016582040999452 0.3740467279849811 0.7058378103056446 0.6970070004335862 0.04223043099856026 0.433764423014433 0.22170328351294302 0.249582537702419 0.801033212789212 0.20916382339470027 0.35006475671609505 0.654360354983508 0.504725791912686 0.7809985955189681 0.42755211552975136 0.24515018016928364 0.4092081128426158 0.4400585622627916 1.0 0.8228046582716584 0.567640624049047 0.7514536395865186 0.08276073547926127 0.3209885219714656 0.8653773762033712 0.7884846107754495 0.6527571255160642 0.6108277967203121 0.9103768967396253 0.39393212802633804 0.34484415267037016 0.6619711032289551 0.0 0.0 0.6867357211541549 0.328234299257546 5.458288647553697E-4 0.8359035309010372 0.2523949027332715 0.43475374804495437 0.7285402725931424 0.02793480223470196 0.4860363430056568 0.6399222184491662 0.7653302745847448 0.09074176033904731 0.08387201919577962 0.19195713855933494 0.3647208842853468 0.652023841124456 0.6152998822443058 0.6801640149997114 0.326369830477801 0.11163235347394325 0.4798511496344562 0.3409570311712734 1.0 0.6301203127485718 0.0 0.8568184095433592 0.23521441627562634 0.0 0.2040863588019196 0.8498110396590097 0.1045003524413223 0.24056659741522762 0.6246918543663753 0.6995598256074329 0.5849496283731301 0.32685378370447643 0.9119455809095285 0.3029644207063423 0.6296925202032022 0.7428960733079661 0.982494476519478 0.18544316209609885 0.0 9.09638453063721E-4 
2.0047040603506376 0.26660616968094686 0.9216223370700155 0.8688263531374953 0.021304338554079413 0.26816988294316646 0.6542558784889422 0.5450429024428944 0.5997790961671009 0.9572989748058751 1.0 0.4870815837716738 0.0 0.18305948334306477 0.9422766186258966 0.5782278860477206 0.00943228637016489 0.0 0.3055012351006184 0.09966401660367616 0.7604787248027624 0.0674808281073618 0.24973175730120753 0.7836841660503824 0.40155727444556555 0.05399101828647162 0.2343107999965168 0.9476880801991955 0.5332831385406617 0.7338785411106911 0.9860792589365839 0.613180978531247 0.7218342040933411 0.5844538946885579 0.1430219550560917 0.47659525684409787 0.13987126617741236 0.41610577190304926 0.7448264712804668 0.9344994055653183 0.7175658611809566 0.2326523422926635 0.7986952552953639 0.07250752535550764 0.6340098181093179 0.5757936672665742 0.8484259580397272 0.11718783088696347 0.7809219098007851 0.8150605013987412 0.8942225826977105 0.3883857018653202 0.30738223015460664 0.3050233756254528 0.18750743886864338 0.25245503079084963 0.6729161699834479 0.4575011895785901 0.2124549471938491 0.5278475239540337 0.37684153594159914 0.5231001318958315 0.6931913857072962 0.45333521932637966 0.03456311860984815 0.967900828678912 0.23036465824025448 0.0025332223613110105 0.2625552090277289 0.3423168554901171 0.6733850822300649 0.3226575101900409 0.3427122063768162 0.18816399951220308 0.583081065670953 0.8712596073898207 0.0631028019532549 0.3529343007362419 0.3215752012676999 0.6120873840047418 0.2140322481056805 0.26157480749595324 0.3527987088736523 0.3196732438397586 0.44600191409587037 1.0 0.7882579547670753 1.0 1.0 0.06355162858006833 0.06493553397047701 0.05535979475505287 0.6273090484492652 0.6221011189553975 0.45838975188733094 0.9720222398249441 0.6949315390857765 0.04720806062515419 0.7541365846792913 0.6305497670357528 0.2923370815157285 0.7379644858606162 0.21987691233994855 0.0 0.3293093962755578 0.3715436044044461 0.5040784351013231 0.8149066286445374 0.26073402559239023 0.47846950224478096 0.23854776850968945 1.0 0.631826151936157 0.19968479441545867 0.2438708329903756 0.7756398282528552 0.5665851462004473 0.6682812841463461 0.4022950368445965 0.0 0.16755102285571433 0.26877950337989287 0.23255124678141975 0.38123471937624853 0.6791573533355938 0.21630795479484738 0.5959706590120478 0.0 0.6123880758686739 0.27641343257274387 0.9244134981193735 0.6356326373357853 0.4425418567541967 0.7181280545309919 0.8718119600625258 0.567985666851049 0.3530626093180133 0.9157417983426624 0.2760628630165956 0.6590002301532207 0.7044817722034555 0.3722046518907403 0.030633089731594003 0.0 0.01267690157239569 
2.210438394010464 0.6094093767731101 0.26365113443373744 0.9206559316675393 0.7549741463473787 0.1540466172181211 0.151571351996085 0.38485704500886087 0.9327797522721362 0.8380907935310034 0.8858303306889694 0.8825962284398223 0.14640428791466603 1.0 0.5904106495786245 0.6904391752977046 0.014686099456893555 0.9694429463087846 0.44067238715869284 0.16739042667347714 0.5409428377557511 0.7413371394981834 0.2273566911759945 0.5834954709637385 0.26656532114112347 0.31824693331270737 0.29392206998004256 0.7747933619851362 0.5724748958072106 0.5712508065952289 0.0 0.726441070580623 0.3992197820751017 0.5158977591377703 0.7085713718411043 0.48190043883342576 0.5816743346855251 0.5201393122182055 0.0 0.9789318968503155 0.5804616220592662 0.24695067086336767 0.42324061057401435 0.3497804566872371 0.48875696973798494 0.11709838573984577 0.7768009830810637 0.026651055602335993 0.8007229238313438 0.4186934935615355 1.0 0.11220860295128712 0.4491385313957488 0.30902041082749265 0.5010268996153642 0.34991417902289423 0.8556012715229695 0.34001321718761085 0.36550525226999814 0.6366866139846914 0.9651383047521869 0.9024489151622169 0.49910775063143403 1.0 0.2955305292834325 0.26048458566000926 0.41764337073319463 0.13567793252773092 0.16059286314105867 0.601318748005314 0.6290489720380963 0.8351164203651904 0.5056141709464533 0.298163840028468 0.2712430706814975 0.5998127965661687 0.33622348501804467 0.3612278908965648 0.0 0.5205471592350115 0.2243334968994395 0.9345918187566196 0.0 0.5413997398514578 0.4085119428693237 0.5729122366333061 0.677117575717054 0.888718580925447 0.8398157482135642 0.1960546716486371 0.27916470016557415 0.6563375764841921 0.5227940765551632 0.42750423933599774 0.5733920447109399 0.8386709003457864 0.275250260120216 0.43064049091103357 0.7441316893192308 0.0 0.4892711193520823 0.6320311497688512 0.4046498637144984 0.0 0.0 0.28388171370036297 0.39033663088505105 0.90099037646228 0.5005014423385363 0.9185603067961556 0.40521282644213197 0.7682127629928823 0.4474458201554395 0.2942065707292647 0.3734629084166856 0.6921846400499239 0.7124148942813302 0.515789041778943 0.0 0.7947645582530805 0.07226351615230939 0.5963946153483335 0.8706136875858065 0.3393033681667558 1.0 0.4370159552171412 1.0 0.35055939828070243 0.7249257684974845 0.1847035878576413 0.6187412890626187 0.12236613260728382 0.2914961982606141 0.7995449794099535 0.0 1.0 0.2469320930816935 0.9908330008642614 0.2617981496291617 1.0 0.8228864787063697 0.6489757869325387 0.0677134688077141 0.33383142852403586 0.2044123821431994 
2.0 0.45163235615551955 0.18785846860125183 0.7860297627131945 0.5382534127908363 0.02975857284035771 0.7723878343198692 0.38895751628300074 0.7134942918760245 0.7758608967250578 0.8766026393878762 0.534331064808852 0.16554667975841408 1.0 0.5484291516981745 0.23151137268470434 0.009750737766380425 0.0 0.49501495394488754 0.0 0.8363571764135187 0.41189036660123357 0.22832776970733185 0.5392541353923723 0.34446708640215257 0.029031404797561958 0.28447502774995215 0.6676644701278873 0.532519501497377 0.45651381670414043 0.7141785368791718 0.5437650224724554 0.6997775306918146 0.4669806293444709 0.35368898428765794 0.4670075279926852 0.14020468252405222 0.47801643736109567 0.9209534138465003 0.8921602017518387 0.526165511910691 0.1318443945446981 0.8361171150256805 0.4571348674808923 0.4922211633092352 0.0 0.7655286372748081 0.6835356734752759 0.8448901684984381 0.7696167582973685 0.9264084683130109 0.8764416247341109 0.1839858055310756 0.3448617101799557 0.3762565299388606 0.08053808595241406 0.34101264833320755 0.0 0.4144799602332239 0.9766660554520661 0.7863348160882835 0.0 0.6717659160307909 0.8676240256481778 0.2733535124832415 1.0 0.15901074409339597 0.038914321044869866 0.2640973172585628 0.532068399876765 0.9867818602379355 0.25919498293456655 0.47630642357369735 0.006559424517021906 0.7755388971480942 0.6180620718853541 0.10310762197153178 0.3379458835261734 0.6262709092512864 0.41053292655956264 0.38667950158427356 0.6925725910764808 0.6510035924886476 0.5505500671956063 0.693334656691427 0.9427725049902137 1.0 0.5934715885446299 0.8864751646398108 0.06755993393337181 0.3084424785850199 0.6036561020653941 0.5850876112710705 0.5359405104309544 0.6264496368540444 0.845964722502164 0.5514579215887053 0.6234830530192006 0.8604683654439321 1.0 0.0 0.6632258166603402 0.3328708644868603 0.12298107440705348 0.27714490164644595 0.23303193662138588 0.4850939965719361 0.046415209090481 0.0 0.5678902177848286 0.24952682979213 1.0 0.5845352853154107 0.0243300640572275 0.8218085622630928 0.22977509099205273 0.6572379604419999 0.6497821827003487 0.3490274246518592 0.31772048840315265 0.10870608815316346 0.6121099876578942 0.6018575349247474 0.3211126668514107 0.5322586274218752 0.05638420750150294 0.8460141537839309 0.03523372944781716 0.9302740894534658 0.15523401712141832 0.9890742455002344 0.2674921995964372 0.2749457836370234 0.18371097974421594 1.0 0.4684700230687536 0.024259377629341453 0.9447046475787241 0.2982129559922188 0.6464342713197987 0.45699900490433465 0.7978208801056931 0.0 0.10416509389423652 0.07725803946379235 
2.019951282401665 0.5153220264651749 0.7687304281817915 0.31881403227145066 0.22568080072132402 0.33917165074623346 0.6240055294190522 0.03957808193589206 0.3238297330690667 0.8845932464374393 0.705398352825868 0.9621336198472075 0.7848470661257083 0.8666749627728804 0.9376973722046729 0.766579658887039 0.010555425870619818 0.3464142966845657 0.004395849909286244 0.37277324918404975 0.12073721980071937 0.3464836873016202 0.2495094532390696 0.6165001656282261 0.3666287421828858 0.4306320296101763 0.29287668548178836 0.5885274968817364 0.67046143540526 0.2475155784475055 0.8956254500747572 0.2398673885078475 0.32626806324568236 0.5896056731916571 0.019172641718396506 0.4466738712287996 0.0 0.5272051887219633 0.7181104285274242 0.9378782409995023 0.5279152728800278 0.22257524013705515 0.8278731795275686 0.2903898921407085 0.5784334850543753 0.3191651495438428 0.5071228283733862 0.4923430744283618 0.7184861634625854 0.6799708537447826 0.3876471436968204 0.42995660042336403 0.3488898243067916 0.41199460094359497 0.659680774834147 0.6054961364854765 0.48859587029323404 0.32705724243143386 0.0 0.4749355187323309 1.0 0.8074363916806543 0.523577711760519 0.7225946116100845 0.4824193709755279 0.5618305583449911 0.23448875090286336 0.11973703800567485 0.24107040062634258 0.5531826491590697 0.6039814647688053 0.0 0.430765047409335 0.3383444168876456 0.5222349082953615 0.4248229059964854 0.32676475654900483 0.4065358136243509 0.023349126861173658 0.4832989836572832 1.0 0.401852438396245 0.0 0.12245147613153173 0.14061998013899835 1.0 0.23252951407090874 0.5979265155518304 0.7050119610222174 0.3060238400180776 0.18068634060789135 0.6782580133035183 0.49816956653260863 0.7697303224691472 0.6965494842928316 0.37797112171611225 0.47411399427650813 0.4909204667362115 0.7279464686293214 0.0 0.6036398453896854 0.7260829811928853 0.376604302071425 0.2897571514427991 0.751494106192385 0.343244142828795 0.5453257671764549 1.0 0.22498444780422136 0.33241270732575123 0.18174446942448433 0.7699380094318434 0.43453952091661124 0.3529778361418299 0.3310472814048117 0.2994401116336316 0.8747904692926106 0.6459761371618531 0.0 0.25263642373134865 0.2549080780430197 0.42180898150239365 0.4803825910511487 0.0978173094762523 0.7272646700874035 0.0 0.7899156219393747 0.8241457881075607 0.6159248210663357 0.17611174904977467 0.9083408195737649 0.0412377276420683 0.9287374632028389 0.650248279590761 0.8611343593483165 0.5077862778923002 0.514107187946592 0.6418555439832114 0.2888379128281535 0.5198565097747264 0.6721770243598009 0.044777028294423704 0.18252362287143487 0.33644508454228483 0.14163913482069054 
2.0308825352743183 0.6470155922145896 1.0 0.9033246332152449 0.07655264440386633 0.22710824153990747 0.9142569671174026 0.28105205511448644 1.0 0.6214567178155386 0.9100259809574729 0.6768364330128395 0.7162973148060655 0.0 0.5021753116995534 0.9566022472454694 0.004185853505446268 0.667255456333261 0.7375368056241314 0.1382122706984708 0.8489641400080514 0.25360756658868483 0.23400472551029142 0.40667321064975515 0.3464200289908485 0.4507143987344462 0.17337364940273028 0.6925179893242646 0.535487121044949 0.4177980544468624 0.9067779338829905 0.8932018752074598 0.4993179654382717 0.8475259106274641 0.11944152827652603 0.4546416009240905 0.17448346340344806 0.5612603565992105 0.7419292925116573 0.9237959442151638 0.5607773035205392 0.24550859174055423 0.7903001321129115 0.32774021303917555 0.5257667383630976 0.0 0.9118670847903472 0.09730704286249392 0.8885650802017337 0.2071882195990471 0.8232616173135108 0.0 0.3281974410308686 0.29351737064631017 0.6423752041249541 0.25457615830068736 0.25807566061254283 0.3053150056817543 0.42508802779845734 0.22707044322380648 1.0 0.8027580879025658 0.6224921760081997 1.0 0.47525904932165774 0.0 0.37374805924272125 0.3790236055068929 0.583350648127707 0.6599481499918336 0.7140180810503529 0.6551602438098585 0.13317426580117797 0.2765647691823699 0.17870656622923542 0.9992739554048545 0.39928782375027844 0.2625331485962913 0.26817613769882176 0.4533197624127494 0.9147123300751615 0.5884544761297291 0.0013195180665185047 0.5374486441449275 0.7430592083361449 0.45230835797391594 0.8007738711396458 0.5592660056402559 0.44603669035769933 0.168995165115125 0.3310591752641718 0.6540366546975029 0.46426463129325646 1.0 0.39048778725818933 0.9497464356583118 0.4583441339000552 0.42182863854729885 0.7384015612158981 0.05705071821616557 0.5216945593981301 0.47320609109040523 0.3202857364245267 0.17940193244021785 0.46929529488269484 0.4145235443779677 0.4039340857730045 1.0 0.5354485465926445 0.23664883185633945 0.1338826760191896 0.8440395792616823 0.0 0.6443231370004507 0.26783916670967256 0.7689749967876017 0.7733628285152951 0.29190539472104937 0.0 0.7847196260966514 0.0858393389057922 0.4902445780361257 0.5901655832475391 0.6543652926258762 0.022999554061378935 0.18368537906144244 0.865465264019586 0.49400487036950347 0.8293098775434153 0.2580352157221272 0.5016636603883682 0.0 0.3071783424390224 0.7653284699733992 1.0 0.9673593494079515 0.2142621299555585 0.942201344350684 0.3014339701522116 0.6995472015556552 0.5246740968357578 0.6741432572902626 0.2897706883783166 0.31704015885946685 0.3046115349304528 
2.0 0.42787798336741667 1.0 0.8688975824262867 0.34410455568522724 0.25489589408033425 0.6903206477852678 0.38609690644767497 0.6490692829148723 0.8459516186451949 1.0 0.4946960816951138 0.28065460149963917 0.20667417337516059 0.972740246334769 0.12799877798429105 0.006084332492200651 0.1244313304840417 0.30160487219911514 0.5011354051951321 0.7619255367249929 0.39216731221526224 0.241265266725522 0.5513178414548341 0.39674564700164494 0.039276840700184265 0.16068986316293588 0.7269958432047092 0.5317353020484311 0.4587852603644908 1.0 0.8722511588471087 0.7055222632991676 0.5809833316867946 0.12817784403131555 0.5013056263516483 0.1118832445300842 0.4978434692822653 0.9573850231109604 0.9149708558567247 0.43525389030779565 0.2268869186932547 0.8208106602612075 0.3408945892737735 0.8012878339589846 0.38201799509838746 0.8632850403867415 0.6486984586749012 0.7912359684743112 0.7927582808259841 0.9273667478688249 0.3883755581770283 0.42284042876405264 0.2189686222034718 0.23615525632049167 0.3360270496293022 0.6663445575232922 0.0 0.0 0.7190576170169808 0.65516788231918 0.8120712235009916 0.6409206419306279 0.6551957360672372 0.122717138932399 1.0 0.12806398115509185 0.028098404370712704 0.29093072421363286 0.7065984859559129 0.970131832548444 0.36354685033888456 0.34338700372971565 0.2907829542360687 0.757187750872325 0.9420589225273421 0.12416472753519492 0.35874704531748236 0.23138414298522314 0.6479443616308311 0.35078189319465514 0.30017933197521807 0.23969406023146383 0.3048116187250466 0.4441926297154478 0.9791365438457722 0.8048110894716582 0.8074979100206867 0.7997944850508292 0.0629060878776754 0.314632821328646 0.60069927389956 0.5762678982197822 0.6431430155808936 0.42813610386079093 0.9328819407639114 0.7582161843775779 0.23357331330176487 0.7265708835048288 9.214991740590587E-4 0.1272257055619467 0.7023915902885787 0.27223178631542144 0.0 0.2757980835686382 0.2342621064036999 0.4532915581595313 0.7585213152615653 0.42807057795129894 0.47101166137859907 0.22512512645859012 0.9954201979433173 0.5673986891510783 0.24339001798000315 0.2500230926534136 0.33572449362698237 0.6533100602266837 0.6162140529622806 0.5377335536186301 0.0 0.10902242625057708 0.5650644030350231 0.10375291966590847 0.795428332776954 0.5669128123888028 0.0 0.7317221928556911 0.0642704801896609 0.9013059334821713 0.26845881145872375 0.9029249691126426 0.6469975825719216 0.12334744906717725 0.7122875930665603 0.9920991353279209 0.5797000819364775 0.09185524045877957 0.9175346563558662 0.3024840046672304 0.6590392958275164 0.659747080998011 1.0 0.0 0.0 0.017900867190796255 
2.210438394010464 0.6094093767731101 0.26365113443373744 0.9206559316675393 0.7549741463473787 0.1540466172181211 0.151571351996085 0.38485704500886087 0.9327797522721362 0.8380907935310034 0.8858303306889694 0.8825962284398223 0.14640428791466603 1.0 0.5904106495786245 0.6904391752977046 0.014686099456893555 0.9694429463087846 0.44067238715869284 0.16739042667347714 0.5409428377557511 0.7413371394981834 0.2273566911759945 0.5834954709637385 0.26656532114112347 0.31824693331270737 0.29392206998004256 0.7747933619851362 0.5724748958072106 0.5712508065952289 0.0 0.726441070580623 0.3992197820751017 0.5158977591377703 0.7085713718411043 0.48190043883342576 0.5816743346855251 0.5201393122182055 0.0 0.9789318968503155 0.5804616220592662 0.24695067086336767 0.42324061057401435 0.3497804566872371 0.48875696973798494 0.11709838573984577 0.7768009830810637 0.026651055602335993 0.8007229238313438 0.4186934935615355 1.0 0.11220860295128712 0.4491385313957488 0.30902041082749265 0.5010268996153642 0.34991417902289423 0.8556012715229695 0.34001321718761085 0.36550525226999814 0.6366866139846914 0.9651383047521869 0.9024489151622169 0.49910775063143403 1.0 0.2955305292834325 0.26048458566000926 0.41764337073319463 0.13567793252773092 0.16059286314105867 0.601318748005314 0.6290489720380963 0.8351164203651904 0.5056141709464533 0.298163840028468 0.2712430706814975 0.5998127965661687 0.33622348501804467 0.3612278908965648 0.0 0.5205471592350115 0.2243334968994395 0.9345918187566196 0.0 0.5413997398514578 0.4085119428693237 0.5729122366333061 0.677117575717054 0.888718580925447 0.8398157482135642 0.1960546716486371 0.27916470016557415 0.6563375764841921 0.5227940765551632 0.42750423933599774 0.5733920447109399 0.8386709003457864 0.275250260120216 0.43064049091103357 0.7441316893192308 0.0 0.4892711193520823 0.6320311497688512 0.4046498637144984 0.0 0.0 0.28388171370036297 0.39033663088505105 0.90099037646228 0.5005014423385363 0.9185603067961556 0.40521282644213197 0.7682127629928823 0.4474458201554395 0.2942065707292647 0.3734629084166856 0.6921846400499239 0.7124148942813302 0.515789041778943 0.0 0.7947645582530805 0.07226351615230939 0.5963946153483335 0.8706136875858065 0.3393033681667558 1.0 0.4370159552171412 1.0 0.35055939828070243 0.7249257684974845 0.1847035878576413 0.6187412890626187 0.12236613260728382 0.2914961982606141 0.7995449794099535 0.0 1.0 0.2469320930816935 0.9908330008642614 0.2617981496291617 1.0 0.8228864787063697 0.6489757869325387 0.032875432719518635 0.33383142852403586 0.2044123821431994 
2.0143463002406157 0.8269173790437743 0.7028900382627205 0.9816913399607817 0.06610093325823646 0.09540471265667673 0.7389982735534439 0.44812328792666734 1.0 0.9696230454345427 1.0 0.8252960252042356 0.5305187891067583 0.0 0.5951053620188119 0.4372349729846835 0.019844216099549165 0.36921417083474484 0.021245640999277504 0.28569524732384644 0.31822366596454793 0.31542786613741325 0.2419707039945492 0.2795343841088034 0.5191385694024936 0.4576334460334761 0.2754696177256891 0.3553991970757729 0.5520359474196952 0.5430318928160236 0.8385033238725239 1.0 0.4809732280982872 0.7846197916429647 0.0 0.47093394303348707 0.0 0.42513483401618185 0.6681577036973165 0.8217094637405297 0.5520107447242537 0.22765610344731596 0.5827024675733665 0.32047858626731135 0.5859800358017639 0.0 0.9137058873016782 0.7474770074695161 0.9093393475795846 0.5016616419375157 0.9999093155176897 0.6169511284649356 0.37547753990387045 0.3279756727130717 0.8212982505979952 0.4538702700035542 0.5627787773588914 0.4086972855434038 0.0 0.23863282651396533 0.8172406715635759 0.9994065598723624 0.5583998182483975 0.9991588734215537 0.14076808646920522 0.0 0.23849340509643724 0.4202046763911135 0.40938072729637637 0.3041150717717286 1.0 0.06895344512674337 0.2751868605281985 0.25249002137944365 0.30286409624856747 0.9325122892318908 0.01679956692144369 0.4213679419201447 0.34366991940110064 0.4229185535410445 0.7887123967487821 0.6871145565298026 0.00403985004978397 0.6474784438445678 0.24004349334591926 0.9627810674283506 0.8193951869682289 0.4518583567416938 1.0 0.024778340074582905 0.14356614904104914 0.6198812206873296 0.5240702686465473 0.7707909919285737 0.4597536125395097 0.5841152927729524 0.45065410010871965 0.365473733154527 0.798944482774702 0.022046575670787646 0.2791094376616895 0.517144282764743 0.4141069351960209 0.03296173572605935 0.1372434542699769 0.45892792097490326 0.3668029703401199 0.8936189473918659 0.4083759418770015 0.6581915018225282 0.197960366251985 0.3255264121704815 0.5263971842054753 0.12128789104707738 0.10255483475556464 0.2815698049906802 0.8234471422997834 0.663741962570456 0.04201073763274207 0.6799723386568602 0.17142631081994786 0.5278214073850537 0.569418410198063 1.0 0.07647769590521361 0.0 0.6778323299775282 0.12239910562822953 1.0 0.16854699718354618 0.4419191619761625 0.6083732461648544 0.48503896287803994 0.7081194023473965 1.0 0.5488038091700996 0.47895093419650864 1.0 0.23324774075360477 0.714500591782867 0.8038757619020279 0.4293019082370005 0.28513331727495633 0.30274256425666696 0.2663929950613544 
2.0278127908481927 0.7069877980102313 0.4816180897092903 0.9052213482083343 0.07095041350221842 0.0 1.0 0.40231713443095773 0.9361095577881027 0.6964654250665976 0.9065094028290438 0.8840899288799949 0.2639599837087419 0.061145410079866264 0.49687537400579457 0.7800403555136578 0.0 0.6047354065906603 0.6244624574170872 0.10020151365403535 0.6794346753575663 0.25384443823345665 0.22628404339023692 0.4622673159367481 0.28678504545635497 0.38255883080041675 0.181183298953707 0.6988267723252823 0.6059859204723314 0.4900780558217579 0.8252077390239043 0.6865104126041419 0.5026074388961994 1.0 0.3835038349788472 0.47601115947656336 0.2854015503849977 0.5286047251190553 0.15152840849259389 0.9237899002098928 0.5801804484164246 0.24796268492861584 0.7681153626076563 0.2446121122665768 0.4106506756984624 0.0 0.9186216069388796 0.028789592060012137 0.8282191582332799 0.13657982451687894 0.8115945332083979 0.0 0.365422711483172 0.280826359458005 0.6428256474154065 0.36443925763283996 0.22899679641633114 0.3428632051442021 0.36996974168501556 0.8190440307981446 0.9752658299595053 0.704545628642096 0.6110295459880001 1.0 0.4812770330016984 0.32104542926040214 0.49015642456497166 0.03226915994973245 0.39071424619915146 0.521090750985539 0.5141533819366225 0.7375342632585471 0.14428401754867187 0.3821463406050038 0.23854705323594927 1.0 0.4873677120358731 0.35711093863175913 1.0 0.5408873949262338 0.9965629966367047 0.24609997457547816 0.08152428637837851 0.5265795956596765 0.6824924583399593 0.5527044739855635 0.8145715948552386 0.5569062472279235 0.4393599959723912 0.20197370612647372 0.3298427766751504 0.5725292654186809 0.5177889794287427 1.0 0.7015847013228171 0.9004161491220671 0.46116189675246155 0.42857284989594957 0.6667558581740418 0.06853776961147265 0.5200431076618253 0.47621832390761587 0.35497830968022664 0.18220903323291834 0.44297743413815927 0.2315038150565168 0.40152581925985525 1.0 0.5070867082376112 0.6937912796996538 0.3413501126461587 0.7149033801720215 0.38142251961039475 0.5175530369725829 0.22233775142415046 0.6831467273387654 0.8000622796979973 0.136101689853136 0.0 1.0 0.02217709951462221 0.47854342129599103 0.7568282354497468 0.36080591391649364 0.5673015462932836 0.8919055920363776 0.831480353983605 0.29330963031310714 0.7267591003355505 0.14244725252890256 0.543169795702853 0.18799111432687354 0.4179658934603236 0.779544679236624 0.0 0.9720611896422681 0.3002929496767891 0.99642574267424 0.3069233569219805 0.7153010658731801 0.6367206261736751 0.6418935013766023 0.2836502414793826 0.30790428466109504 0.2216720130530384 
2.077185460787827 0.3361329764645549 0.7431859715979281 0.7835043391031128 0.44013738015660914 0.24215644870876776 0.07739339108720586 0.14739218385909525 1.0 0.15237688792785442 0.47285166660567735 0.5192724825872695 0.9414874691966617 0.3494081053275044 1.0 0.5730289238325453 0.030322738636634705 0.0 0.28389384649366717 0.17039497363308073 0.2874267178264915 0.38105395222161825 0.24003845334030954 0.24255261709284845 0.4418279759986736 0.0 0.22609950533092155 0.7621788761856036 0.5166837046755917 0.8008073460624854 0.0 1.0 0.5823186878012698 0.7649305146096685 0.6246053742261057 0.4431961531037143 0.02158728468956881 0.5050945056144834 0.7125103483055348 0.9602106095724954 0.5447966607978065 0.2521564898783522 0.31892111697138603 0.16602032758375765 0.5985572304438004 0.028082755950468618 0.9289405142127926 0.3497420469828987 0.747703488559708 0.896169622262858 1.0 0.10424916639434276 0.996044168003237 0.2294549614555724 0.5896953976273409 0.5050692349964963 0.7275097654488352 0.6307113007619563 0.33865792181118404 0.9854788653786964 0.6163584509808965 0.8281208160570774 0.7123127288199785 0.545355719965131 1.0 0.5238715039073782 0.14160971309091433 0.15878542986012315 0.1526804110661431 0.6984050631840273 0.7841304273038647 0.33801853256146386 0.4343647368815657 0.7423595536541785 0.4875465440220075 0.4824185257678397 0.0266832840989717 0.5594621681030296 0.29289466452061697 0.15203198192466677 0.3126911033750515 0.29754564172028086 0.0 0.4984355394598131 0.39193940676892514 0.013669767864384702 0.8111691042563871 0.8154557530153729 0.5050531305670798 0.20906996230655683 0.3239566097717116 0.5512656396959779 0.4739086734633936 0.33320837905518985 0.7695413916829841 0.6345863066905374 0.3989352578088782 0.8348172459899217 0.5452010556304344 0.31066783446082197 0.35664637752091105 0.7396514023041034 0.5290910991065249 0.3036533383350235 0.3914616757603828 0.08068866811281297 0.2587998869453276 0.713561048784136 0.5097312744058913 0.42743442222884387 0.21992080914243806 1.0 0.4698783326583984 0.0 0.5795322989600404 0.8549624772757546 0.7812678741329424 0.1769713943184465 0.778557580654563 0.350064401945022 0.0 0.3154590138745056 0.40547354432984034 0.5687156776293445 0.09063454537428733 0.008052003451230166 0.9655194335201556 0.8826569054118464 0.47425693613414144 0.21000645485235683 0.8524667308919326 0.3649397109852316 0.40452003016296134 0.43573172626413126 0.7301069668644838 0.5383754105834435 0.47300141063520257 0.7118236971889917 0.28018515147246664 0.7115601651528125 0.6023743664316004 1.0 0.12517781067575956 0.25545170009852947 0.09832935301679563 
2.053367215398438 0.3685598398580741 0.43780615862626776 0.9278265807199461 0.590403727641845 0.07004284650732534 0.4861068685380676 0.1356829587672317 0.9959890037136732 0.9755943301879014 1.0 0.40498874838449367 0.3018921997151198 0.21353449092313354 0.41103891986492425 0.4463958473725729 0.04757257171868172 0.4454946847346556 0.1205024374071794 0.053621321746123315 0.0 0.3542908905238495 0.2279757001402042 0.4847390499571818 0.2991879043206421 0.001086324462773132 0.27154211680643275 0.6785503287537932 0.5912775117864697 0.6300038725045912 0.8450508670895884 0.6121361796430754 0.84596315972553 0.7922314162850316 0.7472343115811237 0.45990792075670744 0.06320111068058923 0.4552346650381561 0.5222058272973089 0.979733724900292 0.5460697743022586 0.11904656193678959 0.15412405793928802 0.4797092948081619 0.557081519430775 0.17577100267996257 0.9447836182485445 0.48084488091486915 0.8370094757325921 0.6688594883702101 0.9625076660079576 0.09953349458373907 0.6133348604852443 0.28508862886594283 0.6175879382506029 0.11474463213898872 0.8946558426399196 0.18005073010916933 0.2865180952616893 0.8528233786096957 1.0 0.8586546597100924 0.6636411296647289 0.5963515700109794 0.07811992804023916 0.5112512422292793 0.22372120153330094 0.15893506271176017 0.23096258691458482 0.7072703820512979 0.9405984305812582 0.5447077064669177 0.41320032526285727 0.22739909122196394 0.27046566010706685 0.9888480213574096 0.05863445973867977 0.34067907325323843 0.933354331194924 0.4194705024857224 1.0 0.424538374340193 0.7798255367840095 0.5642021083660687 0.3367201821832722 1.0 0.8261476629960509 0.6844132343915054 0.4566981905010771 0.049786570161813926 0.3737107720088553 0.561924389162085 0.6093661192798622 0.2232057998078506 0.748593554684549 0.6157988992638124 0.5089750287112701 0.7719084284780553 0.7347152210368618 0.007504995420052438 0.43561870890878196 0.7880766032444679 0.3998066241548975 0.48923136442455195 0.2693780658062458 0.2506527131950953 0.6349645178832473 0.6428806909221955 0.1166370734297758 0.3911469262610615 0.27122016713505687 0.5679640353957006 0.3388947661127647 0.0 0.0 0.19462144939474926 0.8496253452145934 0.21561860686839757 0.1936421793345047 0.4180442069361767 0.0 0.591160877540423 0.45417884599978 0.3187696812794282 0.37939563757062356 0.19175844393227875 0.9846137421351467 0.3475182815993693 0.6880551182750745 0.18290092802732452 0.8294702931274347 0.3196228239826745 0.5085032204990779 0.3659645055355809 0.5187750826143777 0.8538341955904443 0.4739244558011465 0.8576399829160929 0.2863470847993955 0.6801922710024588 0.5316194896214824 0.9563410364136496 0.19457256714573198 0.31173793132616595 0.06036614094788837 
